18
191
222
248
215
194
229
247
211
199
234
243
206
202
238
238
202
208
243
235
198
212
245
228
193
215
246
220
191
218
243
211
189
223
241
203
188
225
235
194
190
229
231
193
196
234
227
190
201
239
223
190
208
241
220
189
214
242
214
189
220
243
209
190
227
240
202
194
233
235
197
199
237
232
195
203
239
226
190
205
240
220
187
209
240
213
185
214
237
205
190
224
238
201
195
230
235
199
200
234
233
196
204
238
229
194
208
243
225
192
213
245
221
192
220
244
212
191
225
243
207
194
230
238
199
198
234
234
196
201
236
228
193
205
240
225
191
210
243
219
189
215
244
214
190
223
245
210
194
230
243
205
198
236
238
200
202
239
233
195
207
243
227
194
211
243
222
191
214
243
217
192
221
244
212
192
227
241
204
194
232
238
199
199
235
233
196
204
239
229
192
208
242
225
192
213
243
219
192
220
245
213
192
226
244
206
194
231
239
201
199
235
235
197
203
237
228
192
204
240
225
191
210
243
219
188
215
244
212
188
222
242
206
190
226
238
200
194
231
233
196
198
234
228
193
203
238
225
191
207
240
220
188
212
242
214
188
219
240
207
189
224
237
201
193
230
233
198
196
231
230
195
200
237
228
193
205
239
224
192
212
242
219
191
219
245
215
195
227
245
210
198
234
242
204
202
237
237
201
206
243
234
197
211
245
229
196
211
240
224
199
219
241
214
195
221
238
215
208
228
230
211
213
227
223
208
216
231
224
208
216
231
220
205
218
233
217
203
218
237
219
202
222
237
214
199
224
236
209
202
229
233
205
203
231
229
202
207
235
227
199
210
238
226
198
212
239
221
197
218
240
216
198
224
240
212
200
230
237
205
200
233
234
202
206
237
230
195
209
241
226
197
214
242
223
196
218
243
215
193
223
245
209
193
231
242
203
198
236
238
199
203
240
233
194
208
244
228
194
213
244
223
191
217
245
217
191
223
245
209
193
228
242
204
195
233
239
199
200
239
236
197
205
244
229
194
212
245
224
193
217
246
219
193
221
245
213
193
228
245
207
196
234
242
202
199
238
236
197
204
242
230
194
209
244
225
192
214
245
219
192
220
244
214
194
225
245
209
195
231
243
204
199
238
240
200
204
240
234
196
209
245
229
196
216
248
226
195
220
247
219
195
225
247
213
196
230
245
207
197
236
240
199
201
240
236
197
208
245
231
196
213
247
225
194
218
247
221
195
224
249
215
195
229
247
210
198
234
244
205
201
240
240
200
207
245
233
197
212
247
226
194
217
247
221
194
223
247
216
196
230
246
210
198
233
243
205
201
239
240
203
205
243
236
199
210
246
232
197
216
251
227
196
223
252
222
198
229
250
215
200
235
247
210
204
239
244
205
208
242
238
202
211
246
233
198
215
249
229
197
220
250
221
196
224
249
215
197
232
248
211
201
237
244
206
205
241
240
204
210
246
237
201
214
251
232
200
219
250
225
197
225
251
219
198
232
249
212
197
235
244
206
202
240
240
203
207
243
236
200
212
247
231
197
218
247
226
196
221
250
220
197
228
249
215
198
234
246
208
203
239
243
204
207
244
239
201
212
246
235
199
215
249
229
198
221
249
223
197
225
251
216
196
230
247
210
200
238
245
205
204
241
241
201
210
246
234
198
215
249
230
198
219
249
225
198
224
249
218
197
230
249
213
200
237
246
207
203
242
240
202
208
244
236
199
212
248
231
196
217
248
225
196
222
248
219
196
226
247
214
197
233
245
209
201
239
243
204
206
243
238
201
212
248
233
199
217
248
228
196
221
249
221
195
225
248
215
197
229
247
210
198
234
243
203
202
240
238
200
208
244
233
197
213
246
227
196
218
249
222
196
225
248
217
198
229
247
212
200
235
245
208
203
239
241
204
207
244
236
198
212
247
231
196
217
249
223
195
221
248
217
196
228
246
213
198
232
245
208
201
238
243
206
206
244
238
199
210
247
233
197
216
250
228
197
222
249
221
198
226
248
216
199
232
247
210
201
236
244
204
202
240
239
200
208
243
234
196
213
247
228
195
218
247
222
196
224
248
217
197
229
247
212
199
234
244
206
202
239
241
203
207
243
236
197
211
248
230
194
216
248
223
194
223
249
218
197
229
248
214
198
232
245
209
201
238
243
205
206
242
237
201
210
246
230
191
209
241
219
190
214
244
216
190
220
243
210
192
226
241
204
190
229
237
196
193
234
233
192
198
238
227
187
204
241
221
185
209
241
216
186
216
242
210
188
220
240
204
188
227
237
197
192
232
234
192
195
237
228
187
202
240
223
187
207
241
216
186
212
241
210
186
220
240
206
188
225
239
200
190
230
235
196
194
235
231
194
207
241
225
191
210
242
220
189
216
243
214
191
222
242
208
193
226
239
204
196
230
237
200
199
235
234
195
203
239
229
192
210
242
222
191
214
241
216
192
219
241
211
192
224
240
205
193
229
237
201
196
233
233
197
202
237
228
190
204
239
221
188
210
241
216
190
217
241
210
190
220
239
206
192
226
238
201
194
229
234
195
198
234
228
191
202
237
223
188
207
239
217
188
213
240
210
189
218
238
205
190
224
236
200
193
227
232
196
196
231
229
193
200
235
225
189
205
239
220
188
212
240
214
188
217
240
209
189
222
237
204
191
226
235
199
194
231
233
195
199
237
228
191
205
240
224
190
210
243
219
187
215
242
213
189
221
241
206
190
226
237
200
195
231
234
197
201
236
230
195
204
238
224
191
209
241
219
192
215
243
216
192
221
243
208
193
227
241
203
197
233
237
200
201
236
233
198
206
240
230
194
210
243
225
192
215
245
219
192
220
245
213
193
226
243
207
196
233
241
204
200
236
236
198
205
239
230
195
209
243
227
193
214
244
222
192
219
245
215
193
226
244
208
195
231
240
203
198
234
236
200
203
238
232
197
207
241
228
193
212
244
222
191
217
245
216
193
224
245
209
195
229
242
206
198
235
239
201
203
238
235
200
207
244
233
198
212
247
228
196
218
249
224
197
225
250
218
198
232
249
213
201
239
248
209
207
244
243
207
211
247
238
202
215
249
233
200
221
248
228
201
225
250
222
199
227
249
216
199
237
247
212
205
242
246
209
212
247
242
208
216
251
238
205
221
253
235
205
223
252
227
207
229
250
225
208
237
249
217
210
233
247
210
214
242
239
218
223
242
236
217
228
245
234
216
228
244
230
217
233
246
228
219
236
244
223
219
236
241
222
222
242
240
218
222
241
236
212
221
245
234
217
230
241
230
215
228
242
227
213
232
246
224
210
238
252
221
211
244
252
217
213
253
251
213
220
258
247
208
225
262
