15
8
127
190
181
71
170
213
124
196
109
88
217
29
62
38
5
163
179
208
39
148
235
122
15
232
251
242
152
146
33
46
11
221
117
235
118
136
250
134
176
241
245
183
204
183
37
173
34
5
206
93
56
4
248
99
88
169
166
14
183
49
65
177
18
45
210
189
72
101
91
230
136
12
224
149
64
200
126
208
207
32
179
96
66
114
207
254
64
65
177
41
223
159
96
28
166
211
214
146
178
95
61
248
17
202
108
55
155
6
72
42
224
119
153
53
247
159
74
43
83
147
64
6
124
245
198
137
62
107
46
20
114
247
34
97
149
15
111
245
239
239
125
176
189
246
23
40
127
141
41
42
129
20
124
116
44
230
174
227
225
116
38
227
86
55
35
56
230
186
148
64
191
228
25
178
49
231
251
40
119
49
82
253
21
60
175
49
237
20
159
147
70
11
14
30
132
171
208
24
8
232
139
178
204
111
69
98
220
253
21
160
128
221
178
158
0
135
92
219
230
171
15
163
133
54
52
114
172
180
3
34
237
65
207
17
190
39
195
89
37
98
7
237
19
97
178
207
171
226
115
66
82
218
136
171
111
93
52
49
34
188
49
15
228
39
68
208
157
192
35
39
129
140
52
47
123
131
64
149
217
193
96
124
87
43
1
166
200
9
216
1
146
29
145
90
37
196
131
72
207
195
156
160
220
253
103
199
47
190
242
95
165
53
156
128
28
150
120
234
49
248
79
124
108
189
247
47
206
241
200
177
145
100
193
0
194
10
94
193
51
252
220
224
221
58
54
161
7
70
185
68
113
219
207
202
190
71
37
224
180
65
238
44
90
40
198
160
47
116
164
94
123
100
52
33
222
94
52
223
29
232
202
167
234
230
84
167
114
165
74
165
130
189
110
25
143
202
70
16
177
217
19
22
106
151
186
177
36
32
217
195
58
221
173
85
223
226
9
63
189
27
237
13
205
222
192
119
235
122
220
124
87
239
142
142
244
70
34
218
254
78
137
208
171
125
92
242
99
10
17
176
244
39
97
196
185
115
43
152
126
65
69
37
12
113
202
189
228
168
83
242
206
218
145
93
34
121
209
29
179
30
156
16
29
9
211
80
56
13
86
230
22
185
168
110
208
7
197
200
76
16
173
221
26
4
81
62
239
139
118
164
91
103
230
17
224
37
252
108
100
115
76
83
246
208
136
98
80
46
93
230
87
215
93
43
99
193
150
30
245
61
139
240
88
181
175
235
35
143
219
171
121
9
185
66
23
26
146
120
42
107
249
191
193
38
99
106
242
133
28
126
247
253
75
251
168
33
85
249
145
73
90
158
208
85
247
0
119
150
234
185
48
214
202
22
149
68
166
177
68
15
151
215
250
203
237
15
223
157
225
127
100
204
44
238
189
72
76
96
52
83
16
153
0
199
105
157
39
86
82
13
163
64
51
196
154
110
199
10
52
63
27
1
164
204
162
184
81
126
238
7
189
102
127
136
130
246
246
133
98
155
180
93
230
174
133
169
16
68
141
128
90
23
232
98
63
175
183
210
48
89
118
80
96
33
233
64
233
95
4
94
171
92
85
242
20
65
64
131
227
226
206
20
28
40
160
122
188
166
228
114
91
133
34
36
214
175
49
226
111
195
226
23
169
176
126
76
97
85
11
39
11
241
70
212
206
24
252
123
130
198
127
41
193
20
54
10
112
209
233
181
147
243
187
219
197
23
79
85
162
154
3
180
73
61
15
143
109
71
65
159
46
178
247
51
112
49
17
38
219
243
201
57
155
42
12
237
27
38
66
7
225
70
132
162
52
229
142
147
19
20
219
245
61
158
145
133
135
222
152
197
128
81
199
109
100
120
150
186
215
22
254
245
121
60
0
34
64
98
118
136
184
96
124
164
143
194
13
107
184
49
97
160
76
169
70
169
148
105
151
60
251
187
201
137
161
7
183
235
124
164
221
115
217
4