
1218
10224
146
111
32
146
156
76
104
155
212
186
198
253
155
170
194
69
135
81
170
90
9
147
231
70
164
18
108??j
123
93
197
212
25
247
179
85
237
72
128
55
194
83
214
73
120
227
89
93
178
69
10
18
52
201
18
42
83
234
112
161
143
160
195
93
166
134
138
47
29
140
186
105
51
75
254
39
194
158
186
24
169
195
38
167
124
166
249
168
57
143
102
134
47
89
148
200
229
140
12
9
122
240
59
232
169
136
21
122
212
183
60
128
69
37
80
120
68
59
37
41
37
120
57
81
117
10
76
161
14
15
164
65
94
251
240
119
175
41
130
57
68
37
19
10
183
82
184
15
158
246
240
96
131
96
110
69
21
76
93
179
196
38
174
173
121
33
185
89
170
143
84
101
182
12
105
121
247
141
117
198
95
14
169
249
186
218
32
185
71
36
177
130
5
187
95
72
127
9
160
199
17
35
83
89
168
244
62
239
207
101
195
150
172
116
216
81
17
166
194
4
173
123
233
37
212
25
16
19
93
73
202
220
220
215
191
244
52
125
236
101
214
27
112
9
243
111
2
0
105
132
78
13
87
20
178
27
193
191
205
246
15
15
251
254
200
42
142
107
116
146
117
120
6
8
69
45
82
139
236
60
12
75
123
207
8
251
39
34
117
196
189
214
3
185
185
54
82
241
224
165
150
35
217
149
184
221
75
198
129
63
134
186
147
99
156
195
58
46
231
42
76
91
214
212
5
85
125
13
80
163
92
39
97
241
174
6
123
212
65
23
15
170
4
7
226
38
132
246
118
218
64
206
250
211
2
185
249
58
193
155
113
235
251
197
130
241
234
189
242
254
205
232
85
6
127
30
129
99
27
219
233
141
245
97
95
43
183
90
180
176
247
78
219
122
253
147
125
68
37
220
114
59
57
69
11
118
254
95
119
187
146
195
61
143
239
205
28
159
221
57
65
118
154
105
81
84
75
8
236
109
89
14
46
56
211
250
112
135
232
148
101
169
102
89
208
41
249
231
201
97
114
200
247
185
191
85
246
13
185
65
209
16
47
70
102
246
30
2
81
250
62
230
236
239
33
5
171
115
88
194
249
138
91
139
177
242
37
145
238
35
33
187
248
111
122
140
84
235
67
5
61
132
32
224
12
137
24
145
60
100
253
101
95
204
11
227
126
160
209
121
240
86
196
139
126
81
139
104
187
174
75
178
132
105
231
59
185
198
141
61
228
14
70
110
189
124
114
112
230
180
192
230
105
25
74
137
183
192
238
166
105
37
58
169
74
128
31
209
248
35
145
175
161
17
199
139
124
228
221
38
39
88
140
4
225
46
120
29
59
95
33
26
53
62
145
56
127
120

18
50
34
0
253
175
157
176
224
64
207
127
12
168
204
18
111
110
156
243
49
230
137
4
210
70
13
181
177
65
238
202
155
31
215
180
219
170
140
208
237
45
72
165
81
44
148
84
107
88
11
248
107
51
101
38
72
89
248
125
111
118
199
198
204
204
248
237
224
82
70
142
16
60
177
145
254
234
95
243
75
35
217
154
186
16
85
144
16
51
98
203
159
192
25
36
223
59
34
194
243
200
222
63
128
65
124
217
72
39
81
7
58
142
80
231
60
5
203
151
106
254
190
216
16
199
87
188
102
171
140
29
205
86
22
213
8
19
32
1
115
126
209
86
204
42
159
19
84
189
74
236
158
126
82
69
194
172
184
22
131
164
100
203
206
157
1
123
183
176
227
207
62
121
148
236
18
162
188
17
214
165
248
11
228
113
32
125
66
115
25
210
158
212
196
154
219
63
245
75
190
119
131
238
143
214
221
22
106
244
54
207
239
171
181
87
162
53
119
13
101
25
9
28
39
165
218
109
250
217
61
174
111
120
117
118
253
82
88
127
137
168
222
132
26
186
70
104
231
228
210
101
114
90
115
118
134
29
192
80
227
233
124
168
147
86
151
117
113
189
70
111
175
88
10
12
43
86
192
75
176
185
113
23
138
90
113
228
58
105
75
39
196
178
249
181
209
35
189
216
151
14
16
5
52
178
164
62
250
58
149
90
15
82
148
219
135
128
97
49
229
32
32
139
100
54
196
157
167
42
184
165
141
129
208
192
32
163
165
79
217
214
123
137
245
142
127
90
177
99
106
132
203
190
223
132
118
31
172
129
38
130
38
194
179
219
52
12
113
225
215
3
139
245
146
22
251
144
90
251
243
83
62
117
29
136
105
196
49
162
141
161
121
13
192
52
182
124
196
168
0
38
214
118
216
233
29
27
167
167
235
203
54
186
1
97
211
0
204
205
12
81
108
111
104
119
17
57
45
93
42
77
175
232
211
132
45
200
216
153
254
214
213
200
170
192
202
132
208
18
149
179
194
38
21
54
137
219
188
169
158
184
64
228
194
251
235
186
101
148
217
132
198
71
173
249
169
223
95
178
135
204
67
224
238
180
238
136
104
3
94
38
181
28
154
138
125
154
27
229
44
212
111
82
188
59
237
72
128
112
41
3
21
37
248
162
230
74
82
211
126
245
189
219
97
42
47
136
42
230
189
144
38
40
9
214
77
152
253
143
87
27
143
100
146
74
75
138
13
67
236
59
251
165
97
111
91
156
253
54
21
86
169
48
35
3
225
161
129
157
48
131
142
150
51
190
193
134
143
60
243
245
57
33
67
106
8
196
147
154
27
166
7
20
225
161
129
157
48
131
142
150
51
190
193
134
143
60
243
245
57
33
NC!?j
46
26
170
99
122
161
71
218
217
97
5
198
102
228
27
192
87
241
36
78
224
99
195
175
46
38
32
193
6
244
66
249
248
80
204
204
72
172
221
135
12
213
123
63
249
109
49
207
203
28
162
46
198
180
0
195
183
49
103
224
20
235
218
78
141
134
130
236
202
79
161
172
55
130
200
16
204
133
13
119
243
245
97
195
131
34
111
59
245
49
105
213
190
76
46
169
59
98
22
152
181
197
210
148
120
29
134
152
117
43
2
254
234
142
169
159
35
168
160
25
145
58
220
132
114
42
202
126
55
202
242
210
168
132
228
187
161
91
209
7
243
249
83
149
143
142
238
79
8
141
210
138
186
147
57
6
71
66
234
200
196
237
79
230
19
78
16
33
74
64
214
186
73
167
71
224
182
185
240
194
166
15
245
198
93
200
237
8
157
104
111
138
251
231
86
170
183
212
6
181
202
78
58
