@269
120
3
0
0
0
0
14
78
158
235
298
339
340
300
225
131
23
0
0
0
0
0
44
285
245
0
0
83
314
194
0
0
131
343
52
0
5
180
333
0
0
0
160
338
16
0
23
261
269
0
0
57
294
226
0
0
97
318
170
0
0
146
340
30
0
14
253
281
0
0
49
286
236
0
0
88
314
184
0
0
134
340
46
0
7
180
329
0
0
0
161
335
11
0
25
263
264
0
0
62
295
217
0
0
103
338
84
0
0
149
337
25
0
17
253
275
0
0
52
289
230
0
0
94
316
179
0
0
138
337
35
0
6
183
325
0
0
0
166
332
6
0
0
146
336
27
0
11
250
278
0
0
48
286
233
0
0
88
314
181
0
0
133
337
41
0
3
179
327
0
0
0
159
332
7
0
0
139
338
32
0
10
249
283
0
0
45
285
239
0
0
86
314
188
0
0
131
341
47
0
2
180
332
0
0
0
157
333
13
0
19
259
267
0
0
59
294
223
0
0
101
341
87
0
0
147
337
29
0
9
192
324
0
0
1
174
332
0
0
0
153
336
15
0
18
255
271
0
0
52
290
225
0
0
95
319
175
0
0
143
338
31
0
10
247
282
0
0
44
285
241
0
0
85
314
191
0
0
133
342
49
0
3
180
332
0
0
0
160
338
16
0
22
263
274
0
0
57
292
223
0
0
101
341
90
0
0
146
338
27
0
12
251
281
0
0
43
286
237
0
0
89
315
185
0
0
134
339
42
0
3
182
328
0
0
0
163
335
10
0
24
263
264
0
0
60
296
219
0
0
106
341
86
0
0
151
338
24
0
13
254
274
0
0
49
287
231
0
0
92
316
181
0
0
139
338
37
0
7
184
325
0
0
0
167
332
8
0
0
147
337
28
0
15
252
282
0
0
47
290
240
0
0
92
320
191
0
0
137
342
44
0
8
185
332
0
0
0
164
337
9
0
0
144
341
32
0
15
252
285
0
0
49
286
240
0
0
88
315
190
0
0
132
343
51
0
7
178
330
0
0
0
161
341
20
0
25
266
272
0
0
60
297
225
0
0
100
343
92
0
0
149
343
32
0
17
256
284
0
0
50
288
236
0
0
91
318
185
0
0
136
342
46
0
10
244
290
0
0
40
281
248
0
0
83
311
198
0
0
124
342
60
0
3
170
333
2
0
0
150
338
23
0
14
256
277
0
0
51
290
231
0
0
93
319
179
0
0
140
340
38
0
6
185
328
0
0
0
167
333
3
0
0
147
337
30
0
11
253
282
0
0
49
288
235
0
0
91
317
184
0
0
135
340
46
0
5
179
328
0
0
0
162
333
7
0
0
143
337
31
0
10
248
282
0
0
42
283
239
0
0
83
303
191
0
0
122
327
53
0
0
167
318
1
0
0
149
323
24
0
15
243
263
0
0
54
282
223
0
0
92
308
173
0
0
138
327
39
0
9
179
312
0
0
0
171
329
0
0
0
154
322
88
0
7
136
256
8
0
0
116
252
22
0
20
157
166
0
0
63
190
114
0
10
128
150
0
0
25
147
161
0
0
49
149
107
0
0
74
178
106
0
0
79
166
95
0
0
64
200
134
0
0
93
257
128
0
3
126
260
20
0
20
209
210
0
0
50
240
182
0
0
84
257
137
0
0
122
271
28
0
17
210
220
0
0
42
230
188
0
0
74
253
147
0
0
110
271
42
0
12
201
231
0
0
43
252
208
0
0
73
259
159
0
0
128
315
30
0
12
251
277
0
0
51
286
233
0
0
93
317
183
0
0
140
339
41
0
7
185
327
0
0
0
167
333
7
0
0
147
338
27
0
9
190
323
0
0
0
173
330
1
0
0
154
335
23
0
17
254
274
0
0
53
291
229
0
0
96
320
180
0
0
144
339
35
0
10
247
286
0
0
45
286
243
0
0
86
315
193
0
0
130
340
49
0
3
178
329
0
0
0
158
336
15
0
20
258
270
0
0
55
291
225
0
0
100
342
95
0
0
144
339
33
0
16
253
282
0
0
48
285
238
0
0
89
315
188
0
0
134
341
47
0
5
179
329
0
0
0
162
336
15
0
21
262
267
0
0
59
296
221
0
0
104
341
88
0
0
149
335
26
0
12
248
275
0
0
44
279
231
0
0
89
311
185
0
0
136
334
44
0
5
179
324
0
0
0
162
331
13
0
23
263
263
0
0
59
294
216
0
0
105
339
87
0
0
148
333
22
0
14
249
272
0
0
49
283
228
0
0
93
315
181
0
0
140
335
38
0
9
187
326
0
0
0
170
333
3
0
0
151
340
27
0
16
257
284
0
0
51
293
239
0
0
93
320
189
0
0
140
343
44
0
7
187
332
0
0
0
166
337
11
0
26
268
268
0
0
64
301
220
0
0
108
343
85
0
0
155
343
26
0
17
258
278
0
0
53
292
234
0
0
97
321
184
0
0
143
341
39
0
12
248
287
0
0
42
281
243
0
0
83
312
195
0
0
130
341
53
0
0
175
332
0
0
0
157
337
22
0
21
261
276
0
0
56
296
233
0
0
99
324
180
0
0
148
344
40
0
13
252
287
0
0
46
287
243
0
0
88
316
194
0
0
136
344
55
0
5
182
332
0
0
0
162
339
18
0
22
263
271
0
0
61
298
228
0
0
103
344
97
0
0
148
342
32
0
18
255
284
0
0
49
287
236
0
0
91
316
187
0
0
135
340
48
0
12
247
296
0
0
43
282
250
0
0
81
310
201
0
0
124
340
63
0
2
171
334
7
0
0
155
343
36
0
22
260
282
0
0
53
290
234
0
0
94
316
183
0
0
140
340
46
0
11
247
288
0
0
45
282
245
0
0
85
310
196
0
0
128
339
59
0
1
174
330
1
0
0
153
335
25
