8
323
288
288
323
319
283
292
325
313
279
296
327
310
281
304
328
302
280
308
328
293
278
316
324
287
284
319
321
283
288
323
316
280
294
326
310
279
301
326
305
281
305
327
301
280
310
326
295
281
315
324
289
285
321
321
283
289
327
314
278
295
328
307
278
301
327
302
280
305
328
299
282
312
328
293
282
317
324
287
287
323
320
282
291
326
313
279
299
328
305
278
305
328
300
280
311
328
297
281
312
323
290
282
317
322
284
286
321
317
283
291
324
312
280
297
326
307
280
304
327
299
279
309
328
294
282
317
324
288
283
321
321
282
290
325
315
279
293
330
310
277
301
330
302
275
306
327
296
281
312
324
292
283
316
326
290
288
322
318
284
292
325
312
282
299
327
307
281
304
331
302
280
310
328
296
280
315
327
291
282
318
321
285
286
322
316
281
292
327
312
281
298
328
308
281
304
328
301
282
309
328
295
282
317
324
286
285
323
320
283
291
327
314
281
298
329
309
281
300
330
305
280
305
327
300
282
312
327
293
284
317
322
287
287
321
318
283
291
324
315
281
294
326
307
279
300
327
300
278
308
325
294
279
313
324
290
281
317
322
284
287
321
318
280
290
327
311
279
297
325
304
280
303
326
299
279
309
326
292
279
313
323
287
283
319
318
282
287
324
314
279
293
327
309
279
299
327
304
278
305
326
298
279
310
325
291
280
316
323
287
284
321
318
283
291
324
313
279
297
327
308
277
303
328
301
279
309
328
296
278
314
325
290
281
317
323
285
284
321
318
282
290
325
311
278
298
327
305
278
303
327
299
277
308
326
293
280
314
324
288
284
321
320
281
290
327
314
277
293
328
308
276
298
329
304
276
305
329
298
278
311
328
291
281
319
322
284
284
322
316
279
289
325
312
277
296
326
306
276
303
328
301
276
311
328
294
279
316
325
286
283
320
321
283
287
323
317
278
293
326
311
278
301
328
303
277
306
331
296
278
311
328
289
280
316
323
286
284
322
320
280
293
325
312
277
296
329
308
277
301
329
302
276
307
329
295
279
313
325
289
283
318
321
284
287
322
315
279
293
326
311
277
297
328
304
279
305
326
298
279
311
325
291
282
315
324
287
283
319
319
281
289
324
315
277
293
326
308
280
299
327
302
278
305
326
296
281
310
324
290
283
316
321
286
287
321
317
283
291
327
312
277
296
328
307
276
302
327
300
278
307
327
294
280
313
324
291
285
318
322
285
288
324
316
280
293
324
313
281
299
326
304
279
303
326
300
280
311
326
292
280
314
325
289
285
319
321
283
290
323
316
280
294
327
311
280
300
328
302
280
304
327
300
280
310
326
294
284
315
321
286
287
321
319
282
291
325
312
278
295
327
306
278
302
327
301
278
308
326
296
280
312
325
290
284
317
322
287
288
322
316
283
294
325
311
281
300
327
308
279
303
329
301
281
309
327
294
281
317
325
289
285
320
321
284
289
323
318
283
294
327
310
279
300
327
305
280
306
327
299
282
311
326
293
283
316
323
288
289
322
318
284
293
327
316
280
296
329
309
279
302
329
304
280
307
327
297
280
313
326
292
285
318
324
286
289
323
316
283
292
326
312
281
298
327
306
279
305
328
299
279
311
328
294
282
315
323
288
283
320
322
284
287
323
316
280
293
326
310
280
299
327
303
280
307
327
298
280
312
328
292
282
316
323
288
287
321
317
282
292
327
313
276
295
327
307
276
300
330
302
276
306
328
295
277
312
325
290
282
319
323
286
286
321
319
280
293
328
311
279
298
328
305
277
305
329
299
278
315
327
293
280
317
326
288
285
320
321
284
289
325
317
281
295
328
311
281
301
328
306
280
307
329
299
284
313
326
289
283
318
323
287
287
324
320
282
292
330
313
280
302
332
307
280
308
334
303
282
313
331
298
287
320
330
293
289
325
326
289
294
330
319
287
300
331
316
286
303
332
309
286
310
332
304
285
317
332
299
286
323
331
292
290
329
327
287
294
331
322
284
303
335
316
284
307
336
311
286
