267
268
286
283
265
270
287
280
263
272
287
276
263
275
289
275
264
277
289
271
265
280
287
270
265
282
286
268
267
285
283
266
270
287
280
265
272
288
278
265
275
288
276
263
278
288
272
263
281
288
270
266
285
287
268
267
287
284
266
269
289
281
264
273
290
278
264
276
288
277
265
277
288
274
264
280
289
271
265
284
286
269
268
285
285
267
269
287
281
265
273
288
279
265
276
289
277
264
279
289
274
266
281
289
271
265
283
287
269
268
286
287
267
269
288
283
265
273
289
280
264
274
290
275
263
279
289
273
266
281
288
271
267
284
287
269
269
284
285
268
271
289
282
265
271
289
280
264
274
290
277
263
278
289
274
264
281
289
271
265
282
286
269
266
285
285
265
270
288
281
265
272
288
278
263
276
290
276
263
279
289
274
265
279
287
270
266
283
286
269
267
285
286
267
268
285
283
265
271
287
281
264
273
289
277
263
277
290
274
264
280
289
271
265
282
287
267
267
286
286
265
270
288
282
264
273
288
280
263
275
289
277
263
276
288
275
263
278
289
272
265
281
287
269
266
284
284
268
269
285
282
266
271
288
280
265
274
289
278
265
278
289
276
265
281
290
274
267
283
288
271
267
283
287
268
267
288
284
264
271
288
282
264
275
288
279
266
277
288
275
266
280
285
271
267
281
284
270
270
284
283
270
271
285
282
267
274
286
280
266
276
286
276
267
277
287
274
266
279
285
272
268
283
286
269
268
282
285
267
270
285
281
266
272
286
279
267
275
286
277
267
278
287
275
267
279
286
272
269
282
285
270
269
284
282
268
272
285
281
266
272
286
280
264
271
286
275
264
275
286
275
265
278
285
272
267
280
286
270
266
283
285
268
268
286
284
267
271
287
282
265
273
288
278
263
276
289
274
262
279
288
272
263
279
287
270
263
281
287
268
266
284
285
264
267
287
282
263
271
288
278
263
274
289
275
263
277
288
272
264
280
287
270
266
283
285
268
267
285
284
266
269
287
281
264
271
287
278
264
275
288
276
264
277
288
272
264
280
287
272
264
282
287
269
267
285
285
268
267
288
282
264
270
289
281
263
274
289
277
261
276
288
272
260
278
287
269
261
281
286
266
262
284
285
264
268
286
282
263
270
289
280
262
273
288
277
262
276
289
274
263
280
288
272
263
281
286
269
267
283
285
266
268
286
281
263
269
287
279
261
272
287
277
260
275
290
273
262
278
289
269
262
282
288
267
265
284
287
266
268
286
283
266
270
287
281
263
273
288
277
263
275
289
274
263
279
288
270
263
283
288
268
267
286
285
266
268
285
284
266
270
289
282
264
273
288
279
264
276
291
277
264
279
289
274
264
283
289
271
265
284
287
267
266
286
284
265
271
288
280
262
274
289
278
262
276
290
274
263
279
289
272
264
281
288
270
264
283
287
268
266
285
284
267
269
287
282
264
272
288
278
261
274
289
275
262
278
289
272
265
282
288
269
266
285
287
267
267
287
285
265
268
288
282
262
272
290
279
262
275
290
276
264
278
289
273
264
280
287
271
264
282
288
269
267
286
284
265
270
288
281
263
273
289
278
263
274
289
275
263
278
289
273
264
280
288
271
267
284
288
268
266
285
286
266
269
287
284
265
271
289
281
264
274
288
277
263
275
290
274
265
279
288
270
265
283
288
268
266
285
284
265
270
287
283
264
271
288
280
264
273
289
277
264
276
