
292
305
274
266
296
301
269
268
299
296
261
273
302
288
263
277
303
288
263
283
307
282
264
287
303
277
264
294
301
272
264
297
299
268
268
299
296
265
272
303
291
262
277
304
286
264
285
305
282
265
290
304
275
265
294
301
270
271
298
296
267
275
304
291
262
276
305
289
261
281
309
283
260
291
308
276
262
294
303
272
268
298
299
269
270
300
295
267
273
304
291
264
278
305
285
259
284
305
277
261
292
304
273
266
297
302
270
268
301
298
266
272
303
293
260
277
305
288
262
283
306
283
260
290
305
278
261
293
303
273
269
298
298
271
272
300
298
267
275
303
292
262
278
304
287
263
282
303
281
264
288
303
274
265
293
302
271
269
298
299
269
276
299
289
265
281
300
285
263
281
298
281
268
290
298
279
275
300
299
273
276
301
295
269
278
301
289
266
281
303
286
269
286
301
282
268
288
300
281
272
292
298
277
271
296
297
273
275
298
294
272
279
299
288
270
284
301
284
267
290
301
279
268
292
302
277
271
294
298
274
268
293
297
274
278
304
295
269
280
303
287
266
281
301
285
263
281
302
280
262
286
302
275
263
292
301
272
264
297
299
267
269
303
296
264
273
305
292
264
278
306
285
263
284
308
281
261
295
305
273
264
296
300
269
270
300
297
267
273
302
292
265
277
304
288
262
283
306
283
262
286
303
277
263
290
302
273
267
296
301
270
271
299
298
266
274
306
293
262
279
309
286
262
284
307
283
262
289
306
276
265
297
304
269
267
302
298
265
273
305
294
263
278
304
288
263
282
305
283
261
287
306
280
265
292
307
276
266
297
302
271
269
303
298
263
277
306
291
261
281
306
285
258
286
307
279
262
291
304
272
264
292
302
270
266
295
299
266
268
303
296
263
273
303
290
263
279
305
282
263
287
306
278
260
294
304
272
265
299
301
266
268
302
297
262
273
306
290
259
277
303
285
262
283
306
282
264
288
306
278
263
295
305
273
266
300
302
267
271
302
296
263
274
306
288
260
282
308
284
261
287
304
277
262
290
303
274
264
295
300
269
268
299
297
265
272
303
294
264
275
304
289
262
282
304
283
263
286
307
278
263
292
303
269
265
300
300
266
269
304
297
263
273
308
292
261
279
308
285
261
288
309
279
264
292
306
278
267
296
303
273
270
300
299
268
271
305
296
262
277
307
289
262
281
308
284
261
290
308
276
263
296
305
273
269
301
301
270
273
304
297
264
279
308
295
264
284
311
291
267
289
310
285
267
293
310
279
269
297
304
274
271
303
305
272
275
311
301
269
283
314
298
269
292
317
294
271
299
319
289
275
304
315
283
277
308
313
283
282
313
308
279
287
316
306
277
293
319
299
278
296
320
296
277
304
321
290
276
306
316
282
277
309
311
277
278
312
305
268
283
311
295
266
288
309
288
266
290
309
281
267
295
305
276
268
297
302
271
274
302
298
266
277
305
293
265
281
308
287
264
287
309
282
265
292
307
276
267
296
305
272
269
300
300
267
273
304
295
267
277
305
290
264
282
306
285
264
289
305
278
263
294
304
272
267
299
301
271
270
300
298
268
273
303
295
264
276
306
290
260
282
306
282
260
288
307
278
262
294
304
270
268
299
299
267
272
303
294
264
278
306
290
260
283
308
284
262
287
307
280
264
290
305
276
267
294
302
272
268
300
299
268
272
301
293
263
277
304
286
263
282
305
281
263
289
304
277
263
291
302
272
264
297
300
267
267
301
296
262
271
306
289
260
279
307
285
262
285
304
283
262
290
303
274
264
294
300
268
268
300
297
265
273
304
292
262
279
306
288
262
283
305
282
261
287
305
278
264
292
303
272
264
295
303
269
268
300
297
263
274
304
291
264
278
304
286
263
284
305
279
265
290
304
273
266
298
302
269
270
300
300
267
271
303
295
266
275
305
290
260
279
307
286
260
287
307
278
263
294
305
271
263
296
298
266
270
301
294
265
275
302
290
261
277
303
287
261
281
305
280
258
287
307
275
260
291
302
271
264
296
299
266
268
300
295
265
273
305
291
264
279
308
285
260
284
307
276
262
292
306
273
266
298
301
268
269
301
296
264
275
305
292
263
277
305
289
262
281
306
283
261
289
306
279
264
293
304
273
267
296
299
268
268
301
296
262
274
305
290
260
282
308
283
259
287
307
279
260
293
307
273
267
297
303
272
269
299
299
267
273
302
295
264
275
306
289
261
281
307
282
261
288
305
276
262
294
304
271
267
298
300
265
268
301
298
262
274
305
292
261
280
309
285
263
286
307
279
262
291
304
274
265
294
302
269
270
300
298
269
272
303
292
265
277
306
289
261
282
304
284
261
287
305
278
261
293
306
275
264
299
303
267
271
303
300
263
272
307
291
261
280
306
287
263
285
305
281
265
289
304
277
266
293
304
271
267
297
300
266
271
303
295
261
278
307
288
260
282
307
283
263
288
307
280
263
290
303
274
265
294
301
269
269
298
295
266
272
303
292
263
277
304
286
262
282
305
280
260
285
302
271
262
291
300
271
266
298
297
267
271
300
295
263
272
303
290
260
279
309
286
261
286
306
279
261
292
303
272
267
298
300
270
271
302
299
265
273
304
293
262
277
305
286
263
283
306
280
262
291
305
275
264
294
303
273
268
297
300
269
270
300
296
266
275
305
291
262
279
305
284
259
286
306
276
264
291
302
272
265
294
300
269
268
299
296
266
274
302
292
263
277
304
287
262
280
305
284
263
286
305
279
263
295
304
273
265
296
300
268
269
301
297
264
275
304
292
262
277
306
284
261
285
308
282
262
291
307
273
263
298
304
270
267
300
301
264
273
304
295
264
276
307
287
262
284
308
281
262
289
306
276
264
294
302
271
267
298
300
266
269
302
295
264
275
305
290
262
280
306
285
260
285
308
281
260
290
303
275
267
296
301
271
268
299
298
269
271
302
294
264
273
304
290
262
281
305
284
262
286
309
278
262
290
305
273
263
295
302
270
269
302
298
265
273
305
291
263
281
307
285
261
285
307
279
263
290
304
273
265
293
302
272
267
298
298
269
272
303
294
264
277
303
288
262
280
304
282
262
286
303
279
264
292
302
273
268
297
300
271
271
299
297
266
273
302
294
266
278
304
288
263
284
307
282
264
289
304
277
264
293
303
272
268
299
301
270
273
304
296
268
278
306
292
265
284
306
284
266
285
305
282
267
291
306
281
275
301
301
272
273
305
299
270
279
303
286
266
282
297
278
258
278
302
281
261
285
304
278
265
289
299
274
266
296
301
270
271
303
297
265
279
301
289
271
291
305
284
271
293
302
280
271
291
299
276
270
295
300
272
269
297
297
267
273
299
289
265
279
301
285
268
284
300
281
269
290
300
275
270
292
297
274
272
295
297
268
270
296
293
265
275
305
291
262
279
307
286
260
284
306
278
261
289
305
274
265
295
299
275
271
296
295
268
271
297
292
267
276
303
288
261
281
304
281
261
288
306
276
264
294
303
272
268
298
301
270
271
302
295
265
275
302
290
263
280
304
285
263
286
305
279
263
290
303
275
266
293
303
270
266
297
300
265
271
304
294
260
277
306
287
261
284
306
283
263
288
305
279
264
290
303
273
264
295
298
269
270
299
296
267
275
303
291
264
281
304
286
263
283
306
281
260
290
307
276
262
295
304
271
266
299
300
266
268
303
296
264
275
304
291
262
279
304
284
263
284
304
277
264
289
303
273
266
296
302
269
269
299
299
263
272
305
292
263
280
307
285
260
286
305
280
263
289
306
276
265
292
301
273
266
298
299
268
270
300
295
265
274
305
290
263
281
305
285
264
285
304
279
260
289
304
273
262
298
302
268
267
303
297
264
273
306
292
263
278
304
287
263
282
305
281
262
288
305
276
261
294
302
271
265
296
300
267
270
300
295
263
274
304
289
261
278
305
284
261
282
307
278
260
289
307
275
264
294
304
271
267
299
298
266
270
303
292
260
274
305
284
261
284
307
279
263
288
304
279
265
295
301
269
269
299
298
265
270
303
294
262
274
306
290
260
280
307
284
262
285
304
279
263
287
303
275
266
293
301
268
265
297
298
267
270
302
294
263
277
304
289
262
281
308
284
261
287
307
278
261
293
306
271
267
297
300
267
271
301
295
263
276
304
289
260
281
307
284
263
284
303
280
263
290
304
275
263
295
304
272
266
300
299
266
272
303
296
261
276
309
290
261
282
307
284
264
288
304
278
265
297
304
273
266
299
300
268
272
301
295
263
276
305
291
263
280
306
286
260
287
307
279
261
291
308
275
265
295
303
272
268
298
299
268
270
301
295
264
274
304
290
263
280
304
283
262
285
304
277
264
290
303
273
267
296
300
268
267
302
296
261
271
305
291
260
279
306
286
260
284
307
280
263
290
305
273
261
294
300
269
268
299
297
265
273
304
294
261
276
304
289
263
283
306
283
262
287
306
277
261
292
306
272
264
297
304
268
268
301
299
263
272
305
295
262
278
306
288
260
282
307
281
262
289
306
274
266
296
302
268
267
295
298
268
271
303
295
266
276
305
288
262
280
306
282
262
285
303
280
263
290
305
276
264
297
302
268
268
301
298
263
270
303
292
259
276
304
287
258
281
305
280
259
286
304
276
261
291
304
272
264
297
301
267
268
301
298
261
276
305
290
262
282
306
283
259
286
306
277
262
290
306
272
264
297
302
269
267
300
298
262
272
303
295
260
275
307
289
260
280
308
283
259
286
306
278
261
294
305
271
264
297
300
267
270
302
294
265
276
303
291
263
278
305
286
263
285
307
280
260
289
306
272
262
297
304
269
266
301
300
264
270
304
296
260
275
307
289
