
301
293
284
293
301
290
284
295
301
288
283
297
300
286
286
299
298
285
288
301
296
283
290
302
293
283
294
302
292
283
295
302
288
285
298
301
287
285
299
300
285
288
302
298
284
290
301
296
284
291
302
292
284
294
300
292
285
296
302
290
285
298
301
287
288
301
299
286
289
302
296
285
292
303
294
284
294
304
292
286
297
302
289
285
297
301
287
287
300
298
287
289
300
297
287
290
301
296
285
292
303
293
285
294
302
289
285
297
300
288
287
299
299
286
287
299
296
284
288
301
296
284
291
301
292
284
293
301
291
285
295
301
291
285
297
301
288
286
300
299
287
288
302
298
285
290
302
294
285
292
302
292
285
295
302
291
284
299
303
288
286
299
299
286
288
302
297
286
291
302
296
285
291
302
295
285
294
302
292
285
296
302
289
285
299
301
287
288
301
297
285
290
301
295
284
292
302
293
282
294
303
290
282
295
300
289
284
297
301
286
284
298
298
285
287
300
296
285
289
301
296
285
292
301
293
286
294
302
291
285
298
302
288
286
299
300
286
287
302
298
284
288
302
296
284
291
303
293
283
294
302
292
283
294
302
288
284
297
301
288
287
299
300
287
290
302
298
286
291
303
295
286
294
303
293
285
297
302
292
287
300
302
289
289
302
301
288
289
303
299
287
291
303
299
286
293
303
296
286
295
305
294
286
298
303
291
287
301
302
289
289
302
299
287
291
303
297
285
293
304
294
285
295
305
293
285
297
304
291
287
299
303
291
288
300
300
288
289
303
299
287
292
302
298
287
294
304
296
287
296
305
293
287
299
304
291
287
301
302
288
289
303
300
288
292
305
300
287
295
306
298
288
297
307
294
287
298
305
292
287
301
303
289
290
302
301
289
291
303
299
288
292
304
297
287
294
304
295
285
295
302
291
285
300
303
289
289
302
301
288
291
303
300
286
291
304
298
286
293
303
297
286
295
303
293
287
297
302
292
287
300
302
290
288
301
300
287
290
303
299
286
292
304
296
285
293
304
293
284
297
304
290
284
299
302
288
288
300
300
287
288
301
297
285
289
300
295
284
290
300
293
284
292
300
290
284
295
298
287
283
295
298
284
285
298
296
280
285
298
291
278
285
294
286
276
285
292
282
279
288
297
286
283
292
295
285
285
297
299
283
286
300
296
287
291
301
294
287
293
301
292
286
296
301
290
286
298
300
290
290
300
297
288
290
297
295
287
291
300
295
287
292
300
294
286
296
303
294
289
300
304
296
292
303
305
295
294
305
302
291
292
302
299
289
293
301
296
290
295
301
294
289
299
302
293
291
301
305
294
293
305
305
294
297
309
307
298
305
316
311
305
315
323
317
312
321
327
320
318
328
334
327
329
338
340
333
336
346
344
335
340
348
343
335
341
350
343
336
343
351
340
334
343
346
334
333
342
343
332
333
342
340
329
332
341
337
328
333
341
335
327
334
341
332
327
335
339
328
326
334
335
323
322
332
331
320
321
331
325
314
316
325
317
305
311
318
308
299
308
314
303
296
307
310
297
295
305
304
295
294
304
300
291
295
305
299
289
298
307
301
294
304
311
304
300
309
314
304
301
313
315
303
302
313
311
300
303
314
310
299
305
313
307
298
304
312
305
299
306
313
303
298
310
312
302
301
311
311
300
301
312
310
300
305
314
309
300
306
315
306
299
308
314
304
298
307
311
299
296
304
306
294
294
304
304
293
296
308
306
297
303
312
307
300
308
316
306
299
307
313
301
298
308
311
300
299
310
309
296
299
311
306
295
301
313
306
297
305
313
305
298
306
313
304
298
309
315
304
300
311
314
302
302
313
312
300
304
315
309
299
306
315
305
298
308
314
303
296
308
311
299
296
310
311
298
297
312
310
297
300
313
309
297
304
315
306
298
307
314
307
299
310
316
306
303
312
316
305
304
316
316
303
305
314
309
299
304
312
306
297
304
308
300
294
301
305
294
290
296
298
287
286
293
291
283
283
288
284
277
278
284
281
274
277
282
278
272
277
280
274
273
277
282
273
273
278
279
273
272
280
280
272
274
284
283
277
283
294
293
288
305
327
326
323
330
337
331
329
336
337
329
326
333
327
316
309
300
284
274
267
258
247
241
239
232
224
221
221
215
204
202
203
199
192
191
194
189
182
182
186
177
171
178
185
179
175
182
183
175
176
180
180
178
181
183
178
180
180
179
174
174
178
181
176
175
178
179
174
171
174
175
173
173
175
177
174
178
179
176
176
178
180
177
178
182
183
181
179
183
182
181
181
182
180
183
182
182
182
179
174
172
171
167
162
162
161
150
143
141
127
114
105
98
95
92
89
93
100
102
102
116
131
133
136
147
155
156
160
169
173
175
177
184
190
191
193
202
207
208
210
220
223
219
223
230
229
227
234
240
236
237
242
245
244
242
250
252
248
250
256
257
253
254
263
261
256
259
267
264
260
264
270
267
263
267
272
270
266
271
277
271
269
275
277
271
271
278
278
272
273
281
278
273
277
282
280
275
279
285
280
275
284
286
280
277
283
287
280
278
286
287
280
281
287
287
279
284
290
286
280
286
290
285
280
286
289
283
283
288
289
283
283
290
289
283
285
291
289
282
286
292
288
283
287
292
289
284
288
293
288
284
289
295
287
284
291
294
286
286
294
292
287
288
294
292
286
289
294
290
286
291
294
290
287
293
295
288
287
294
295
288
288
294
294
289
289
296
295
288
290
297
295
288
292
297
292
288
292
298
293
289
294
296
291
289
294
295
291
291
296
295
289
292
296
294
289
294
297
293
289
294
298
292
291
295
298
292
289
295
298
291
290
295
297
290
290
297
297
289
292
299
295
289
293
298
294
289
294
298
292
290
296
299
291
291
298
300
291
294
300
298
293
295
299
296
292
295
299
295
290
297
300
293
291
297
300
293
292
299
300
294
294
299
299
293
294
300
298
292
294
301
298
292
296
300
295
292
298
300
295
292
298
299
294
294
300
299
293
294
301
299
292
295
302
298
292
295
301
296
292
296
301
297
293
299
302
295
292
298
300
293
293
301
299
293
295
301
299
292
295
301
297
291
297
301
296
291
298
301
295
291
299
302
294
292
300
300
292
294
302
299
291
294
300
297
292
297
301
296
293
297
301
295
294
298
300
294
293
300
300
292
295
301
299
293
295
302
298
291
295
301
297
290
296
301
295
291
298
302
294
292
299
301
294
293
299
301
293
294
300
298
293
295
301
298
292
297
301
