400
398
394
393
383
375
362
350
335
325
316
311
312
316
320
329
333
339
334
300
306
335
325
294
308
335
319
295
313
334
312
295
317
335
305
293
319
330
302
296
326
328
295
295
332
330
294
302
335
324
290
306
337
322
293
312
337
314
292
317
335
309
293
322
333
303
294
324
331
299
297
333
329
291
300
337
324
288
305
340
319
285
315
341
311
285
319
339
303
290
325
337
299
293
329
334
295
298
334
329
291
302
338
322
287
306
338
316
286
311
337
310
287
317
337
304
289
325
337
300
293
331
334
293
297
335
327
289
302
339
323
286
308
341
317
287
313
339
308
286
319
337
303
289
325
334
296
293
328
330
294
298
332
325
289
302
337
322
286
307
338
315
286
313
339
309
287
319
338
303
290
324
336
297
293
330
333
293
296
335
328
288
302
338
322
287
307
339
316
285
313
339
308
287
319
337
300
288
327
336
296
291
330
332
293
296
335
328
290
302
339
321
284
310
339
312
284
314
338
306
288
321
336
299
291
326
333
294
293
329
329
292
298
334
324
288
301
338
317
284
307
340
313
284
316
340
304
286
321
335
298
289
324
331
294
293
329
329
291
295
333
325
289
302
336
319
287
309
339
311
285
318
339
304
285
323
336
297
288
328
334
293
293
333
331
288
299
337
323
286
305
337
317
286
312
337
310
287
317
338
303
289
324
336
299
290
326
332
294
297
331
328
288
297
335
323
283
301
338
317
282
311
340
308
284
317
336
302
285
322
334
297
290
326
331
294
294
331
327
289
297
336
323
285
305
338
315
282
311
338
307
282
317
338
302
285
323
337
298
290
329
332
290
294
334
326
286
300
336
319
286
305
338
315
288
311
338
309
287
318
338
302
286
326
336
296
290
329
332
292
296
333
327
288
299
337
320
284
306
339
314
284
313
338
307
287
320
336
302
289
324
333
297
291
329
332
291
295
333
326
287
300
336
320
283
307
339
312
283
315
339
304
286
319
336
296
288
325
334
294
293
331
330
291
297
334
323
287
300
337
320
287
308
340
313
285
316
339
306
287
322
337
300
289
330
336
293
292
333
333
290
296
338
328
286
302
340
321
284
308
340
313
284
315
340
308
286
323
338
300
294
330
334
295
296
333
331
293
303
337
327
293
308
341
322
288
315
345
318
289
321
344
309
288
324
341
302
290
328
334
292
295
334
331
290
301
339
323
287
307
341
318
286
313
341
309
284
320
341
302
288
325
336
297
291
327
333
294
295
333
327
289
299
335
322
286
304
335
316
284
312
338
308
287
318
337
303
288
323
334
293
291
328
330
291
296
332
324
287
298
335
321
284
303
337
314
284
309
339
307
285
316
337
302
284
323
334
297
289
329
333
291
298
336
326
288
302
340
319
287
308
338
318
286
314
340
309
287
320
339
302
289
327
336
297
291
332
335
292
296
337
327
288
301
340
322
285
307
341
315
286
315
342
310
287
320
339
302
288
326
337
297
293
333
331
289
299
337
324
284
302
339
317
282
308
339
312
285
313
338
305
285
320
335
299
289
325
333
292
292
331
328
289
297
336
322
286
304
338
316
285
311
339
309
284
315
338
306
288
323
338
302
292
331
336
298
296
335
336
295
301
340
330
290
310
342
320
287
312
343
312
285
315
341
305
287
321
337
299
288
327
332
293
291
331
330
290
298
334
322
286
304
339
317
283
309
339
312
283
317
340
304
286
324
339
300
290
332
334
294
295
335
331
289
300
338
322
285
308
338
315
285
313
340
308
286
319
337
301
286
325
336
296
290
327
332
293
295
332
327
289
298
338
323
286
304
337
314
286
310
338
307
288
317
338
304
289
324
335
299
289
330
331
290
295
335
326
287
298
337
320
282
304
339
316
283
310
338
307
285
319
337
301
288
325
333
297
291
328
329
289
295
331
324
286
303
337
320
284
307
337
312
281
310
338
305
282
319
338
298
285
324
334
293
292
330
329
289
296
334
324
285
301
337
317
286
309
337
310
285
313
336
304
285
319
335
298
286
325
331
292
290
328
328
288
296
333
323
285
301
336
318
284
307
336
312
284
314
336
303
287
320
335
297
288
325
332
293
292
329
330
288
295
337
323
285
303
339
321
282
309
339
310
282
315
339
305
284
321
337
296
287
326
331
293
293
332
327
287
297
335
321
283
303
337
314
282
309
337
308
284
317
336
302
287
321
333
297
286
326
332
291
291
330
328
288
296
334
324
285
302
337
317
283
308
338
309
282
316
337
301
287
322
336
295
287
328
