
316
284
306
334
309
283
311
333
302
283
316
332
294
287
323
328
293
293
328
323
288
293
331
320
285
300
336
315
281
305
335
306
280
312
333
300
283
317
330
293
287
324
327
290
291
328
322
285
299
332
317
281
303
335
311
280
309
334
304
284
316
335
300
284
321
333
295
291
326
329
291
293
329
323
288
296
331
319
284
302
335
312
283
308
336
304
283
317
334
298
287
322
330
292
289
327
325
289
294
329
321
286
299
333
317
283
302
333
310
281
309
335
306
282
316
334
299
284
322
330
291
288
327
325
286
297
332
320
285
302
332
313
282
305
333
307
282
311
333
303
284
315
334
296
284
320
331
290
289
328
327
287
293
331
320
283
301
335
313
283
308
336
307
284
315
334
301
286
320
332
294
289
324
328
290
292
328
324
289
294
331
320
285
303
333
315
284
305
335
309
284
313
334
303
284
320
332
296
287
326
330
289
296
331
323
285
300
332
318
285
305
335
314
286
311
339
307
284
314
334
301
286
320
332
295
290
325
326
291
293
329
322
287
299
331
317
285
305
334
311
282
310
336
304
282
317
333
296
285
322
330
291
288
327
326
287
292
331
322
282
297
334
316
281
304
335
310
280
311
334
303
282
317
333
299
285
321
330
292
292
328
326
285
298
333
320
284
301
334
315
284
307
335
306
284
312
334
300
284
319
333
294
287
321
327
291
292
326
325
288
294
330
318
283
301
334
314
282
309
335
305
281
315
333
298
287
321
330
295
288
324
327
290
292
327
321
284
296
331
317
283
302
333
311
282
308
332
305
284
314
332
300
283
319
331
294
289
326
328
288
292
330
321
284
299
333
316
283
304
334
312
283
309
334
305
284
315
331
299
287
322
331
295
291
326
329
287
292
329
323
284
298
334
317
283
305
335
310
282
311
335
303
283
317
332
295
286
324
330
287
291
329
325
285
295
330
318
284
300
331
314
283
307
334
309
284
310
332
303
282
316
333
295
288
324
330
292
292
327
324
286
295
331
320
284
300
333
314
282
305
335
307
283
313
335
300
282
317
331
294
286
323
327
289
292
328
322
287
298
331
316
285
303
333
310
283
310
334
304
285
315
333
299
285
321
331
294
291
325
328
291
296
330
324
286
297
335
315
281
302
335
311
280
309
335
304
282
316
333
296
287
322
329
291
293
327
325
287
295
330
320
284
301
333
314
284
303
335
309
284
310
335
303
282
316
331
296
284
322
329
290
291
327
324
287
297
331
318
286
302
332
312
283
308
334
306
285
313
333
301
285
319
331
296
286
324
328
291
290
327
326
287
296
331
319
285
300
334
313
283
306
334
308
281
314
333
299
284
320
332
293
287
325
328
288
291
330
325
284
295
334
319
283
302
334
310
281
311
335
304
284
315
333
299
286
320
331
293
289
323
324
291
294
329
322
287
298
330
317
281
303
335
309
281
311
334
302
282
317
331
296
287
323
329
295
292
323
322
290
294
324
318
288
298
328
315
288
304
329
309
287
310
329
303
287
314
327
298
288
319
324
288
290
325
323
285
295
332
320
285
301
334
313
286
303
319
297
288
314
324
300
294
320
326
296
295
326
320
290
298
327
319
289
303
329
311
288
311
331
305
287
314
327
301
291
319
326
296
293
323
323
293
298
324
318
290
301
326
314
290
305
327
312
290
308
330
306
289
312
329
303
287
315
324
295
292
322
322
292
296
327
318
289
301
326
313
289
303
331
315
288
307
334
310
284
309
334
306
286
315
333
300
285
321
329
292
289
327
325
288
293
330
322
283
299
333
315
283
305
335
308
280
314
335
303
285
318
332
299
289
323
327
291
292
328
324
285
297
330
319
283
300
332
313
283
307
334
307
282
313
334
299
283
319
331
293
287
321
327
289
293
330
322
288
298
333
319
284
301
334
314
283
306
335
307
282
313
334
299
283
320
330
295
288
326
327
289
291
329
323
285
297
332
316
281
302
334
313
281
310
336
306
282
317
335
297
287
321
331
292
292
326
327
287
294
331
320
287
299
332
318
283
303
332
307
285
308
332
302
284
314
331
296
287
319
329
293
290
326
325
289
292
330
321
285
300
335
316
281
307
333
308
281
312
334
301
282
318
331
295
288
324
327
291
292
326
323
287
297
329
318
285
299
335
313
283
306
333
307
282
311
332
300
287
317
331
295
288
322
329
292
290
327
323
286
295
331
319
283
303
334
310
283
309
334
305
281
314
332
299
287
320
329
292
289
325
324
290
291
329
322
287
296
332
317
284
303
333
311
283
308
335
303
281
314
333
301
284
321
329
291
292
326
324
287
295
331
319
284
300
330
315
282
303
332
308
280
310
335
303
281
316
332
297
284
323
330
291
288
325
325
288
293
329
321
285
300
332
315
285
305
333
308
284
311
332
301
285
318
331
295
284
321
328
290
288
328
323
284
296
332
316
280
302
332
312
283
307
332
305
282
313
331
303
284
319
331
294
288
324
325
288
294
330
322
284
297
332
316
283
303
330
310
283
307
333
304
284
313
331
298
284
323
331
293
286
324
326
287
292
329
321
286
299
331
315
285
302
333
310
283
308
333
304
282
316
334
296
286
322
330
290
289
325
324
286
293
329
319
285
299
331
315
282
303
332
310
282
309
332
303
283
315
331
298
286
320
327
292
291
325
324
287
294
329
320
281
300
333
313
280
308
335
304
280
312
334
299
284
318
331
292
285
324
329
290
292
328
323
285
297
330
317
286
302
332
312
283
308
333
307
284
314
333
300
285
320
331
295
288
326
326
288
292
329
320
283
297
333
317
282
304
334
311
281
310
334
303
281
316
331
298
287
320
328
293
290
325
327
291
295
328
320
285
300
332
315
282
306
332
307
