42
243
245
244
242
244
246
244
241
244
246
243
242
245
244
244
242
245
245
243
242
244
246
242
242
245
243
239
242
247
244
241
245
246
244
240
244
247
243
241
244
246
242
240
246
246
242
242
247
244
241
242
245
245
242
244
245
245
242
245
245
243
242
244
245
242
242
244
245
243
242
244
245
243
242
245
245
240
242
246
245
240
243
246
244
240
243
247
244
241
244
247
244
240
245
247
243
241
246
247
242
242
245
246
242
244
246
243
242
244
246
244
242
244
246
242
242
245
246
242
242
245
246
242
242
246
245
241
243
246
245
242
243
246
245
242
243
244
243
242
244
245
243
242
244
246
243
242
245
246
244
243
245
244
242
243
246
245
243
243
246
246
243
244
247
243
242
244
247
242
242
246
246
244
242
246
245
242
242
245
245
242
242
246
245
242
243
245
246
242
242
246
246
241
244
246
243
241
245
245
242
241
244
244
242
242
245
244
243
242
244
244
242
243
245
244
240
243
245
244
240
243
245
242
241
244
246
242
240
245
244
241
242
244
244
241
242
243
243
242
242
244
243
242
242
243
244
242
242
243
243
240
243
245
241
240
243
245
240
239
242
244
240
241
245
244
239
241
245
242
241
243
246
243
239
243
245
242
240
243
245
242
240
243
244
240
240
244
243
240
241
244
244
240
241
245
241
241
244
245
242
241
244
244
242
241
244
244
241
240
245
244
240
241
245
244
241
241
245
244
241
242
244
243
240
242
245
244
241
242
246
243
240
243
244
242
240
244
244
241
241
245
243
241
243
245
242
241
243
244
243
241
241
245
243
240
244
246
242
240
244
245
241
241
245
245
241
242
243
244
241
242
244
244
241
243
244
244
241
242
243
243
242
244
245
243
240
243
245
241
