257
270
277
263
258
272
276
261
259
274
273
260
261
276
273
259
262
277
272
259
266
277
267
258
267
278
266
257
271
278
264
259
274
276
262
260
275
274
261
261
277
275
260
266
279
272
259
267
280
270
258
269
278
268
259
270
278
264
260
273
278
262
261
275
275
259
261
278
273
259
265
279
271
256
268
281
268
258
271
278
267
258
272
279
262
260
274
278
260
261
276
275
259
262
278
272
258
265
279
271
258
268
279
269
257
270
278
265
259
273
278
265
260
275
278
262
261
277
276
261
263
279
274
258
267
281
271
257
268
281
268
257
270
279
266
257
273
279
264
259
275
278
262
261
278
275
260
263
278
273
258
267
279
269
257
269
279
268
257
271
279
265
258
274
278
263
260
275
279
262
260
276
276
260
262
279
274
258
265
278
271
259
267
279
269
257
270
280
265
257
273
280
262
260
276
277
260
262
278
276
259
264
280
273
259
266
280
270
259
269
280
267
258
270
279
265
258
274
278
263
260
276
277
261
262
279
275
259
264
278
272
258
266
278
269
258
269
279
268
258
271
280
266
258
273
279
262
259
277
277
261
262
279
275
259
264
279
271
258
266
279
272
258
268
278
268
259
271
279
265
259
272
278
264
260
276
277
260
262
278
275
259
266
281
273
259
268
279
270
259
271
279
267
258
271
278
264
259
274
278
263
260
276
276
260
262
278
275
259
264
278
272
259
267
277
270
258
268
278
266
258
271
279
264
259
275
279
262
261
277
276
261
262
279
275
258
264
279
272
257
265
281
270
258
268
279
267
258
270
279
265
259
274
279
262
260
276
276
261
263
278
273
258
265
278
270
257
268
280
268
259
271
278
266
259
271
279
265
258
273
278
262
259
275
277
261
261
279
275
259
264
278
272
258
266
279
270
259
269
279
267
259
272
279
263
260
276
278
261
260
276
276
259
264
279
273
258
266
278
270
258
268
278
269
257
270
279
266
257
270
279
265
259
274
279
263
263
278
277
261
262
278
275
258
264
279
271
257
267
278
266
258
271
278
264
259
271
277
262
259
273
275
260
261
275
276
260
263
277
272
259
265
280
270
260
268
280
269
258
270
280
268
260
273
279
266
260
275
278
263
261
276
275
260
263
279
273
257
265
280
270
256
268
278
266
257
270
277
264
258
271
278
261
259
275
276
261
262
276
277
260
262
276
274
259
264
277
271
259
268
280
270
259
271
281
265
259
272
279
263
259
276
277
261
263
278
275
259
265
279
272
260
