382
380
380
378
378
377
377
376
376
377
376
377
377
377
376
378
375
374
372
373
374
371
370
371
371
368
368
369
369
367
366
367
366
363
363
364
364
361
362
363
360
359
359
360
357
356
357
358
355
354
355
356
352
352
353
354
350
350
351
351
348
346
349
349
346
345
347
347
344
344
345
344
340
343
344
341
341
341
341
339
339
340
339
337
337
337
339
335
334
336
335
332
331
334
333
330
330
332
330
327
328
330
328
326
327
328
325
324
326
325
325
323
324
325
322
322
323
323
321
321
321
321
319
319
319
318
316
318
318
317
315
315
316
315
313
314
315
313
312
312
314
311
311
311
311
310
309
310
311
307
308
309
308
306
307
306
305
305
304
305
304
303
303
302
301
302
303
301
300
299
301
300
298
298
300
299
297
297
297
296
296
297
297
295
294
295
295
294
292
293
293
292
290
292
291
289
289
290
289
289
288
289
288
287
287
288
286
286
286
287
286
284
285
284
282
282
284
284
282
281
283
282
279
281
283
282
278
280
282
280
277
279
280
279
279
279
279
277
276
278
278
275
275
277
275
273
275
275
274
272
274
274
273
271
272
273
272
269
272
272
271
268
270
271
268
268
269
270
268
267
268
269
267
266
268
268
266
266
267
266
265
265
265
265
263
264
264
264
263
264
265
263
263
264
262
261
261
264
262
259
260
263
261
259
259
261
260
258
258
261
259
257
258
261
258
258
258
258
256
256
258
257
255
255
258
258
255
254
256
257
254
254
256
256
254
255
256
253
252
254
254
252
252
254
255
252
250
253
254
251
251
253
254
250
249
253
252
249
251
251
251
248
249
250
250
247
248
251
248
247
249
249
247
247
248
248
246
247
248
248
244
246
248
247
245
245
248
247
243
244
247
245
242
244
247
245
243
243
245
244
242
243
244
243
241
242
244
242
241
241
244
242
240
241
241
240
240
242
241
239
241
242
239
237
242
242
239
239
241
240
241
240
241
240
240
239
240
240
239
238
240
239
238
238
240
239
238
238
238
239
237
238
237
237
237
237
237
236
236
238
237
237
237
238
237
236
236
239
236
234
236
238
236
235
236
238
235
233
237
237
234
233
237
238
233
233
236
237
234
232
236
237
234
234
236
236
233
235
236
234
232
234
235
232
233
235
235
234
233
235
236
233
233
236
236
233
235
236
236
232
231
236
236
232
232
236
235
232
232
235
235
232
233
234
234
231
233
235
232
231
234
235
232
231
233
234
233
231
233
233
233
233
233
233
231
232
233
232
230
231
232
232
231
231
235
232
231
232
233
231
230
231
231
231
231
230
231
230
231
230
231
231
231
230
229
231
231
230
231
231
231
231
229
229
231
230
228
229
230
229
228
229
231
229
227
229
231
228
227
230
231
228
228
229
230
228
228
230
229
229
228
228
231
228
227
229
231
227
227
230
229
228
229
230
227
227
230
231
227
227
230
230
228
227
230
231
227
227
229
230
227
227
231
230
227
229
230
231
226
227
230
230
225
226
229
230
226
228
230
229
227
228
230
229
228
228
230
227
226
230
230
228
228
228
229
227
228
229
229
225
227
230
228
225
228
231
228
226
230
231
229
226
227
230
228
227
228
231
228
227
229
229
227
226
228
228
228
227
228
228
227
227
229
228
227
227
228
227
226
227
229
227
225
229
229
227
225
227
229
227
227
230
228
227
226
229
229
226
227
227
228
226
228
227
227
227
227
227
227
227
227
227
227
226
227
228
227
225
227
226
225
225
226
227
226
225
226
226
226
226
226
225
224
225
228
225
224
226
227
225
224
225
226
224
223
224
225
224
224
224
226
225
224
225
225
222
224
226
224
224
226
227
224
226
227
225
224
225
227
226
225
225
226
226
226
225
228
227
225
228
227
226
225
226
228
226
225
228
227
225
226
227
227
226
227
227
226
225
225
227
225
225
227
228
225
224
226
226
225
225
225
226
224
224
227
226
224
224
227
226
225
224
225
226
223
224
226
224
222
225
227
225
223
226
226
224
223
225
225
224
224
225
225
222
224
226
224
222
225
226
224
222
225
227
224
222
224
227
224
223
225
227
223
223
224
224
223
223
224
225
222
224
226
224
224
224
225
225
223
224
226
223
223
224
224
224
223
225
225
222
223
225
225
222
223
225
225
222
223
226
224
223
224
226
223
222
222
226
223
221
223
225
221
221
224
225
222
222
224
225
223
222
224
223
222
222
225
224
222
223
224
222
222
224
225
222
220
223
224
222
220
224
225
222
222
224
225
222
220
224
224
221
223
224
223
222
224
224
223
221
224
225
223
223
223
226
223
221
224
225
222
222
224
224
222
221
225
225
220
223
225
223
223
223
224
223
222
224
225
223
220
223
225
222
221
224
225
223
221
224
226
223
222
224
225
221
221
224
223
222
221
224
223
221
222
224
225
221
223
224
222
220
222
224
222
221
222
224
222
221
223
224
221
219
222
224
220
220
223
223
220
221
224
223
220
220
225
223
221
223
224
223
220
222
224
222
220
221
224
221
222
221
224
221
222
222
224
222
221
224
224
220
223
225
224
221
223
226
224
220
222
226
223
222
222
226
223
222
222
225
223
222
226
223
223
222
224
225
221
221
225
224
222
223
225
222
220
224
225
222
222
223
224
222
220
223
225
222
222
223
224
220
222
224
224
221
221
225
224
220
223
223
223
220
222
225
223
220
222
224
223
221
223
223
223
221
224
223
222
221
223
223
221
222
223
223
219
223
224
222
219
223
224
221
220
222
225
222
220
222
224
222
221
225
224
222
220
222
224
221
221
222
223
222
221
222
223
223
222
223
221
221
223
223
220
221
222
224
222
221
222
224
222
222
223
223
221
221
225
223
219
221
223
222
220
222
223
222
220
221
223
223
221
222
223
221
220
222
224
221
221
224
222
221
220
224
222
221
222
224
222
221
222
224
223
220
223
224
222
221
223
224
222
220
223
224
221
220
223
223
221
221
221
223
222
222
222
223
221
221
223
223
220
221
224
221
220
222
222
222
220
222
222
220
222
222
222
220
221
223
222
221
221
223
222
220
222
225
222
220
221
223
221
220
223
223
221
220
222
223
221
221
222
222
222
220
223
221
222
222
223
221
222
223
222
222
223
222
224
221
221
225
224
220
220
223
222
219
221
223
220
220
221
223
221
220
220
223
222
221
221
224
223
219
222
223
220
220
223
223
219
222
223
220
219
221
222
220
219
220
221
222
221
221
223
220
220
222
222
221
220
221
223
221
219
222
222
220
222
221
222
221
222
221
222
221
221
222
222
222
223
222
220
221
223
222
220
221
223
222
221
221
223
221
221
221
222
223
220
223
222
222
220
222
223
221
220
221
223
220
219
222
222
219
220
221
222
220
221
222
222
221
221
220
220
222
220
222
220
220
222
221
220
220
223
222
220
221
223
222
222
221
221
221
221
221
222
221
221
220
221
221
221
220
221
220
220
221
220
223
220
222
223
220
221
221
222
221
221
221
222
222
220
222
222
219
221
223
221
218
221
223
221
221
223
222
221
222
223
222
221
222
223
222
221
221
221
222
221
221
220
221
221
222
220
221
220
221
221
221
221
221
220
219
221
222
220
220
221
222
220
220
220
222
221
219
221
221
220
220
221
222
220
220
221
221
220
220
221
221
222
221
221
220
221
220
221
221
222
221
221
220
221
221
221
220
222
222
222
223
220
223
222
220
220
222
221
221
220
223
220
220
222
223
222
220
220
223
222
220
221
223
222
222
222
223
221
222
222
222
222
222
223
223
221
222
222
223
221
220
223
223
222
220
223
222
221
222
221
221
220
221
223
222
221
221
223
221
220
221
223
221
221
223
223
221
221
223
222
221
221
223
221
220
221
222
221
220
220
222
221
218
221
221
220
221
222
222
220
219
222
221
219
221
223
221
218
219
222
221
219
220
222
220
220
220
223
222
219
221
223
222
219
223
223
222
219
222
224
220
219
222
222
221
219
221
222
221
220
222
222
219
220
223
220
220
222
223
221
218
222
222
220
218
222
222
219
219
220
222
219
218
222
223
219
218
221
221
219
218
221
222
219
220
222
219
221
221
222
220
220
221
221
219
220
222
221
218
220
222
221
219
221
223
220
218
221
223
220
218
222
223
220
218
221
223
219
219
221
223
220
219
221
223
219
218
222
223
220
221
223
221
220
220
223
220
220
221
222
221
218
221
223
219
220
222
223
220
221
223
223
220
219
223
223
220
220
223
222
220
219
224
223
219
220
222
221
219
220
221
222
220
222
222
222
220
221
222
219
220
222
222
218
221
223
221
218
221
221
220
220
221
221
221
219
220
223
221
219
219
221
220
220
219
221
220
220
220
221
220
220
221
221
221
220
220
221
221
220
222
222
221
220
221
219
220
221
221
219
219
223
219
218
219
223
221
220
220
222
221
221
219
221
223
220
220
223
222
219
220
223
220
218
222
221
220
220
221
220
219
221
222
221
220
221
222
220
219
222
221
221
220
221
222
220
221
222
223
221
220
222
222
222
222
222
222
220
221
222
223
220
220
223
222
220
220
223
222
221
222
222
221
220
222
221
219
220
221
221
219
220
222
221
218
220
223
220
218
221
223
221
219
220
222
220
220
221
222
220
220
220
222
220
221
222
222
220
221
222
221
221
221
222
221
222
221
222
222
221
222
222
222
221
222
221
220
221
222
222
221
221
224
223
222
220
223
222
220
220
223
222
219
220
222
222
220
220
221
221
219
221
222
219
220
221
221
221
220
222
221
218
221
222
220
218
220
222
220
218
222
223
220
218
221
223
220
219
220
221
220
219
222
221
220
220
221
223
220
221
221
221
219
220
222
221
221
222
223
220
220
221
222
221
217
220
224
219
220
222
223
220
221
223
222
219
220
222
222
220
221
222
223
221
220
223
224
219
221
223
222
219
221
224
222
220
220
222
223
220
222
222
221
218
222
222
220
219
222
222
219
219
223
222
220
220
223
222
218
221
222
220
218
223
223
221
218
222
223
219
218
221
223
219
218
221
223
220
219
223
223
220
221
223
222
219
220
222
221
219
222
223
219
219
221
222
218
219
222
221
218
219
222
221
220
219
223
222
218
220
222
220
219
220
224
219
218
221
224
220
219
221
222
220
219
221
221
219
218
222
221
219
218
221
222
219
219
222
220
217
219
222
222
218
223
222
221
219
221
223
219
219
219
222
221
219
220
223
220
219
223
223
219
219
221
221
218
220
223
221
219
220
223
222
218
219
221
220
218
220
221
219
218
221
221
220
219
223
221
218
219
220
222
218
219
222
221
219
219
222
221
218
219
223
221
218
221
222
220
218
222
222
221
219
220
222
219
219
220
221
221
219
220
220
220
220
222
220
219
221
223
220
218
222
222
221
218
221
222
221
219
223
221
218
219
223
221
219
220
222
221
220
220
221
223
221
220
220
221
221
220
222
221
221
221
220
222
221
221
220
220
221
222
220
221
220
222
222
221
220
222
220
218
221
223
218
218
221
222
220
219
222
222
219
218
221
222
219
219
221
221
218
220
221
220
218
220
221
218
218
221
223
218
219
221
222
220
219
222
221
217
221
222
221
218
219
222
221
218
218
223
219
218
220
222
220
219
222
222
219
219
222
223
220
219
222
223
219
219
222
220
220
221
224
220
220
222
222
220
219
223
222
219
218
222
222
219
219
223
222
219
217
222
222
219
218
221
221
218
218
221
222
218
222
221
220
217
220
223
219
219
222
221
219
219
220
221
219
219
221
221
217
221
222
219
219
221
223
220
218
220
222
220
219
221
224
220
220
222
223
219
221
223
223
219
219
221
222
219
220
222
221
220
221
223
221
220
222
223
220
221
222
223
219
220
222
223
220
220
222
222
219
220
222
221
219
220
223
221
219
221
221
220
218
220
222
220
218
221
220
220
219
222
221
221
220
222
222
222
222
223
221
219
221
222
221
219
222
221
221
219
222
222
221
220
222
222
222
221
221
222
221
220
222
223
220
221
223
222
220
221
223
222
220
221
224
223
221
223
224
223
223
223
224
222
223
224
222
222
222
224
223
223
223
225
223
222
224
226
223
223
223
226
221
221
222
226
222
221
223
225
222
221
223
225
221
222
224
223
221
223
224
222
222
223
225
222
221
223
223
222
221
222
224
222
221
223
224
221
221
224
224
222
223
224
223
221
221
224
223
221
222
224
222
220
222
223
222
220
221
223
221
222
221
222
220
221
222
221
221
221
223
222
220
222
223
221
218
222
223
221
221
222
224
222
219
222
224
221
220
223
223
221
219
223
223
220
221
222
222
220
221
222
221
219
221
222
221
219
221
223
220
219
221
222
220
219
222
223
219
219
222
222
219
221
222
222
220
218
222
220
218
220
222
220
218
220
223
220
219
221
223
220
221
221
222
221
219
221
221
219
219
222
221
219
220
223
220
219
221
221
220
219
221
222
219
220
222
222
219
219
222
223
218
218
222
222
219
219
221
223
219
218
222
222
219
221
221
222
219
220
221
220
220
221
223
221
219
221
222
221
219
222
222
218
219
222
222
218
219
222
222
218
220
222
222
219
219
223
222
219
221
223
221
218
219
222
221
218
221
223
220
218
221
221
219
218
221
221
219
219
221
221
220
220
222
221
218
221
222
221
219
221
222
220
219
221
222
221
219
223
222
219
220
223
220
218
221
221
221
220
221
220
221
219
220
222
222
220
220
221
222
220
220
221
221
221
221
220
220
221
222
222
219
220
221
222
219
219
222
222
221
221
222
221
220
221
221
220
220
221
221
222
220
220
223
221
220
220
221
220
219
221
221
219
220
220
221
220
220
220
220
220
220
222
219
219
219
220
220
220
221
220
219
219
221
221
219
220
222
222
220
220
221
221
220
221
221
222
220
220
221
221
220
220
221
222
220
221
221
220
221
220
220
221
220
220
222
219
221
221
221
221
219
222
220
219
220
220
220
220
221
222
221
220
220
223
221
220
220
221
220
220
220
222
220
220
222
222
220
221
221
223
220
221
221
220
220
221
222
221
221
221
222
220
222
220
221
221
221
223
221
220
221
223
221
220
223
222
223
221
222
222
221
222
222
223
221
220
222
222
222
222
223
221
221
222
224
222
222
223
222
220
221
222
222
220
220
222
221
220
220
223
222
220
221
223
222
220
220
221
221
220
221
222
221
220
220
222
220
221
221
221
221
220
221
220
219
221
221
221
219
221
222
220
220
222
222
221
219
221
221
220
218
220
222
220
219
222
221
219
217
221
223
219
219
221
223
218
219
221
223
220
219
223
222
219
219
221
223
220
221
223
221
219
222
221
219
220
222
222
219
219
222
221
218
219
223
222
219
218
222
221
217
219
223
221
218
219
222
221
219
220
222
221
219
220
223
222
218
220
221
221
218
221
222
222
220
222
223
220
221
223
223
220
221
223
221
219
222
223
222
219
221
223
221
220
222
223
222
218
223
224
219
219
223
223
219
220
222
221
220
220
223
222
219
220
222
222
220
222
222
221
220
219
223
220
220
221
222
219
220
223
222
219
220
223
222
218
219
223
222
219
220
224
221
219
220
223
221
218
220
223
222
220
220
223
222
220
221
223
221
220
223
221
221
220
222
221
220
221
223
221
219
221
223
221
219
222
223
222
219
223
223
221
220
222
223
221
220
223
223
222
221
223
223
221
221
223
223
221
223
225
223
220
223
223
222
221
222
222
222
220
222
223
221
220
222
223
220
221
221
222
220
222
223
221
218
221
223
221
218
221
221
221
218
221
222
219
220
220
222
221
219
222
221
220
219
220
221
220
219
221
221
221
220
221
220
221
220
222
220
218
220
222
219
220
222
222
221
221
222
222
220
219
222
222
221
220
223
222
222
221
222
222
221
222
223
222
220
221
223
221
220
221
222
221
220
222
221
219
222
224
220
218
223
223
220
218
223
223
220
219
222
222
219
220
223
223
219
219
223
221
219
220
221
221
218
221
222
220
218
220
221
219
219
221
221
219
218
221
222
219
219
222
221
219
219
222
221
217
219
222
221
217
219
222
221
218
222
223
219
217
220
223
219
218
222
222
220
219
221
223
219
219
223
222
219
221
222
220
220
220
223
220
220
220
223
221
219
220
222
221
219
223
222
219
221
223
222
219
219
223
222
220
219
222
222
219
220
223
222
218
219
222
222
219
220
223
222
220
223
222
222
221
221
222
219
220
223
221
219
221
222
221
218
220
223
220
219
221
224
221
219
221
223
220
219
221
222
221
219
222
223
220
220
221
223
220
220
220
222
220
219
223
221
221
220
220
220
220
220
221
220
221
221
222
219
220
220
220
220
221
222
220
220
221
221
223
219
220
221
220
220
220
222
222
220
222
222
221
220
220
222
220
220
220
222
221
221
221
221
221
221
221
219
219
222
220
219
218
222
221
220
221
222
222
220
220
220
220
220
219
222
222
220
219
222
223
219
218
223
221
219
220
222
221
220
221
221
219
220
222
220
219
221
222
220
219
220
221
220
218
222
222
220
218
221
222
219
219
221
222
221
221
221
222
220
220
222
221
218
220
221
222
218
220
222
221
219
220
223
220
220
221
221
219
219
222
221
219
219
222
220
220
220
221
220
218
220
222
221
219
219
222
220
218
219
222
221
219
220
220
220
218
222
221
221
220
221
222
222
220
222
220
219
221
222
221
220
220
223
220
219
221
222
220
218
221
222
220
218
223
223
220
221
223
221
220
220
223
222
220
221
223
222
220
221
223
222
220
222
222
222
222
221
223
219
220
222
224
220
221
222
224
222
220
223
224
221
222
224
224
220
221
224
224
220
223
225
223
220
224
226
222
221
224
225
221
221
224
225
221
221
224
225
222
223
224
225
222
222
224
224
222
221
224
223
222
222
225
224
221
224
225
222
222
224
225
222
221
224
225
222
222
225
225
221
221
225
224
220
221
224
225
221
221
226
225
221
223
225
223
222
224
224
222
220
224
224
222
221
224
224
220
221
224
224
220
221
225
224
221
223
225
222
221
224
224
222
220
225
225
222
220
224
226
222
223
224
224
221
222
224
223
222
222
224
222
222
223
225
222
221
223
225
221
223
223
224
221
221
224
223
221
222
225
223
221
222
225
222
220
221
225
223
222
223
225
221
221
222
225
221
220
222
225
221
220
223
223
221
220
222
222
219
221
222
220
220
222
223
220
218
221
224
220
219
222
222
220
218
222
223
219
219
223
224
220
221
223
224
220
220
222
222
221
222
224
223
221
223
224
222
222
222
222
224
222
223
224
223
222
224
224
220
223
223
225
221
222
224
223
220
220
224
222
221
223
225
223
220
223
223
223
220
222
223
221
220
224
223
222
221
224
223
221
222
224
221
222
222
222
222
223
223
223
222
222
222
223
223
221
222
223
221
220
223
223
222
220
223
224
221
220
223
223
221
221
223
224
221
220
222
223
221
221
221
222
220
220
223
221
220
221
222
222
221
222
222
221
221
222
223
223
221
222
222
222
222
222
223
220
222
222
222
221
222
223
221
220
221
223
222
222
222
221
221
222
221
222
221
222
221
223
222
220
223
221
220
221
221
220
220
221
222
220
220
222
222
220
219
220
222
219
220
223
222
220
220
222
222
220
221
222
222
220
220
223
221
220
222
223
222
219
223
222
221
219
220
223
220
220
223
223
218
221
223
221
219
221
222
220
218
223
223
221
219
221
223
220
218
221
223
220
218
222
223
219
221
224
223
220
221
223
223
220
221
222
221
219
221
223
221
220
221
222
220
218
221
221
218
219
222
220
218
220
223
220
220
221
222
221
220
219
221
220
218
219
221
220
218
219
222
220
218
221
221
221
218
219
222
220
219
221
220
219
219
222
220
218
220
222
220
220
221
223
221
219
220
222
220
219
222
222
219
218
222
222
220
219
222
223
219
219
224
222
218
220
221
222
219
220
221
221
219
221
224
222
220
222
222
222
221
224
223
221
220
223
223
220
221
223
221
218
221
223
222
218
220
223
221
219
221
223
220
218
221
222
220
220
222
223
221
220
221
222
221
220
221
222
220
220
223
222
220
221
224
220
220
221
222
221
219
222
223
221
221
222
222
221
220
223
223
220
220
222
222
221
220
223
222
221
220
223
222
218
221
223
221
219
220
222
222
220
222
224
221
221
223
221
222
221
222
222
221
223
222
220
221
222
222
221
220
221
223
222
220
223
224
220
221
222
223
221
220
223
222
221
220
223
223
220
221
224
223
220
221
224
222
220
222
223
221
221
222
224
222
222
222
222
221
220
223
223
220
221
223
222
220
222
223
222
222
222
222
222
220
223
224
223
221
221
223
221
220
223
223
221
220
223
222
221
221
222
222
222
221
222
221
219
220
222
220
219
221
222
221
218
223
222
220
219
222
222
220
219
223
222
220
220
222
222
221
220
223
223
220
221
222
222
219
222
223
220
221
222
223
222
220
222
223
222
221
223
222
221
221
223
222
221
222
223
222
221
222
222
223
221
222
223
222
219
221
224
221
221
221
223
221
220
223
223
221
221
222
223
222
220
222
222
219
222
223
221
221
223
224
221
221
221
223
220
221
222
223
220
221
222
223
219
221
223
222
219
220
223
221
220
221
223
221
220
222
223
222
220
221
223
222
220
221
221
220
220
222
221
220
221
222
220
221
222
223
221
221
222
221
222
219
222
223
221
220
222
223
221
220
223
223
221
220
223
224
221
221
223
223
221
222
222
223
222
221
223
222
221
222
221
222
223
222
222
222
222
224
221
221
223
223
221
222
222
223
220
220
221
223
220
220
221
221
221
220
221
222
221
220
221
222
221
220
221
223
221
220
224
222
221
220
224
221
221
221
224
222
220
221
224
222
220
222
223
220
221
222
224
222
221
226
224
221
221
223
223
220
222
225
223
221
221
224
224
221
223
224
224
221
223
225
223
221
222
224
221
221
224
224
222
222
225
223
220
223
226
222
220
223
224
222
221
223
224
222
220
222
225
222
222
223
224
222
221
223
223
219
221
223
223
220
221
223
222
221
222
223
221
220
221
223
221
221
222
222
220
220
222
223
222
221
223
223
219
220
225
222
220
221
225
222
221
221
225
222
220
223
223
222
220
223
224
222
221
222
224
222
222
225
222
222
222
224
222
221
221
225
222
221
221
224
222
221
222
224
222
219
222
224
220
220
224
223
220
220
223
223
219
222
224
223
218
220
223
223
220
220
223
222
220
222
223
221
221
221
224
221
220
221
222
221
222
223
222
221
222
222
223
219
222
224
222
219
221
223
222
220
222
224
222
221
223
224
221
220
222
223
221
221
221
223
220
222
223
223
221
221
224
222
221
223
224
223
219
222
223
221
221
223
224
221
221
222
223
220
220
223
223
220
220
224
222
220
221
223
221
220
221
224
222
219
221
223
222
220
222
222
220
220
224
220
219
222
222
220
221
222
222
219
220
221
221
220
219
220
221
220
219
221
221
221
220
221
221
220
220
221
223
220
221
221
221
220
222
221
221
221
222
222
220
221
222
221
221
221
220
221
219
221
221
220
221
220
221
220
219
222
221
221
219
222
221
220
221
223
221
220
220
223
220
221
220
221
223
220
221
220
222
220
221
221
221
221
221
221
220
221
221
220
221
221
222
221
219
220
223
221
219
220
222
220
218
219
222
221
218
219
222
221
218
221
221
220
219
220
220
220
219
221
221
218
219
220
221
219
219
221
219
219
220
222
219
221
220
222
220
218
221
221
219
219
221
221
219
219
221
221
219
218
222
221
220
219
221
220
218
219
221
220
218
219
221
221
219
221
221
219
217
220
223
219
218
220
220
219
219
220
220
218
220
223
220
217
220
223
221
217
220
222
220
218
219
222
220
220
221
222
220
220
220
220
220
220
222
222
220
221
221
221
220
221
222
220
221
220
221
220
219
220
223
220
219
222
223
220
219
222
223
219
217
222
222
219
217
223
221
219
219
223
221
219
220
223
221
220
221
223
222
219
222
224
222
219
222
223
220
219
223
222
220
220
223
222
219
220
223
224
219
221
224
223
220
221
224
222
221
222
224
222
220
223
223
220
220
222
225
220
220
222
223
221
219
222
223
220
220
224
223
221
223
223
223
221
221
224
221
219
223
223
221
221
223
222
220
219
223
222
219
223
224
222
219
219
223
223
220
220
223
221
219
220
223
223
219
221
223
220
221
222
221
219
219
222
221
219
219
221
221
219
220
222
221
220
221
223
222
220
222
223
222
219
223
223
220
219
223
223
220
218
222
222
220
219
224
223
219
220
222
223
220
222
223
223
219
221
223
222
220
222
224
221
221
223
223
219
220
223
222
218
221
223
222
219
219
223
222
218
221
223
221
218
220
223
222
219
219
223
221
218
220
223
221
218
222
223
222
219
220
221
220
219
222
222
220
220
222
221
219
221
223
220
219
222
223
221
219
222
222
220
218
220
223
220
220
223
222
219
220
222
222
219
219
223
221
219
220
223
223
219
222
223
222
220
221
222
221
220
222
222
220
220
223
223
219
220
223
222
220
219
223
222
218
222
223
222
218
220
224
222
219
221
224
220
219
222
221
220
220
222
223
220
221
223
223
220
221
223
223
218
221
223
222
220
222
223
220
220
223
223
220
221
223
224
220
220
224
223
220
220
223
223
220
222
224
223
220
220
223
222
220
222
222
222
220
222
223
221
220
224
223
221
221
224
223
221
221
224
222
221
220
224
222
220
221
223
222
219
222
224
222
220
223
224
222
220
223
224
222
221
222
224
220
221
224
223
220
221
224
223
220
221
223
222
221
223
224
222
219
221
223
221
221
222
223
223
221
222
223
220
222
223
223
221
223
224
222
221
223
225
223
220
221
223
221
219
221
224
222
220
223
223
220
221
223
223
220
220
222
221
219
220
223
223
220
221
223
221
219
221
222
220
219
221
221
221
220
221
222
221
221
222
222
219
219
224
222
219
220
223
222
219
221
224
223
221
223
222
223
219
222
222
220
220
222
223
220
219
223
222
219
220
223
221
220
222
223
221
217
221
223
220
218
223
222
220
219
222
223
219
219
223
223
219
221
222
222
219
219
221
221
219
221
221
219
219
220
222
219
220
222
221
219
220
222
223
219
219
223
222
218
220
223
221
219
219
223
222
219
222
223
220
219
221
223
220
220
221
223
220
219
223
224
220
219
222
223
220
220
222
221
220
220
222
221
219
223
223
223
219
222
223
221
218
221
222
219
219
223
223
219
218
223
223
219
219
221
221
218
218
222
221
218
219
221
221
217
219
221
221
219
220
221
220
219
221
221
219
218
222
222
218
219
222
222
218
219
222
221
219
219
223
221
217
220
222
221
217
221
223
218
218
222
222
219
218
222
222
217
219
222
221
219
219
222
220
220
222
222
221
219
221
223
221
219
222
222
221
219
223
223
218
220
223
222
219
220
223
222
219
219
224
223
219
220
223
220
219
221
223
220
219
222
221
220
221
221
222
219
220
222
221
219
220
222
222
219
221
223
222
218
220
223
220
218
222
223
220
219
222
223
219
220
223
223
219
219
222
223
220
220
221
223
219
220
222
223
219
221
222
221
219
221
222
221
218
220
222
220
220
223
222
218
220
221
222
219
221
223
221
218
222
224
221
219
221
223
220
219
222
223
221
219
223
223
220
219
221
223
219
219
222
221
220
220
222
222
220
221
223
221
220
221
223
220
218
222
223
220
220
223
223
220
219
222
222
220
219
223
222
219
219
222
223
220
220
223
222
220
222
223
223
220
222
223
221
220
223
223
221
221
224
223
219
221
224
224
220
223
224
223
219
222
224
223
220
221
223
222
219
221
223
221
220
223
225
221
220
222
224
220
220
222
223
220
221
223
222
220
221
224
223
220
221
223
222
220
222
224
222
220
223
224
222
221
222
224
220
221
224
224
220
220
224
224
221
220
224
222
220
223
223
223
220
221
224
223
219
222
224
221
221
222
223
222
221
224
224
220
223
225
224
221
223
225
222
220
220
224
223
221
222
224
222
220
224
225
221
221
224
224
221
220
225
225
221
221
225
225
221
221
224
223
221
222
225
224
222
223
225
223
220
223
224
220
222
224
224
220
222
224
224
220
221
225
224
220
221
225
222
221
223
224
223
220
223
224
221
221
223
223
221
221
224
223
221
222
224
223
222
223
225
223
222
222
225
223
221
223
225
222
221
224
224
222
221
223
225
222
220
223
224
221
220
225
224
219
220
225
224
220
221
223
223
221
221
223
223
220
222
222
220
220
223
223
221
220
223
222
220
218
222
221
218
221
223
221
218
221
222
221
220
223
223
219
218
223
223
220
218
222
223
220
219
222
223
219
220
223
223
220
223
223
221
220
222
223
221
221
222
224
221
219
223
224
220
221
223
224
220
223
224
224
220
221
225
223
219
222
225
221
219
222
224
221
220
221
224
222
222
222
223
220
221
223
223
220
220
223
224
221
221
222
223
220
222
224
221
219
223
223
220
220
222
223
220
219
223
223
220
219
223
224
220
219
222
224
220
222
223
223
219
222
223
223
220
222
224
222
220
223
224
222
220
224
224
221
222
224
224
220
223
224
224
221
222
224
223
221
223
225
222
219
224
225
221
220
223
224
221
221
222
224
221
220
222
224
221
220
224
223
220
220
223
222
220
220
224
223
220
221
224
224
221
224
224
220
219
224
224
221
220
224
224
220
221
225
223
220
220
223
223
220
223
224
224
220
220
224
223
220
220
222
220
221
222
222
220
220
223
222
219
221
222
222
220
220
223
223
220
221
223
222
220
221
223
222
219
221
223
222
219
223
223
220
220
223
223
220
219
222
223
219
220
223
223
219
220
223
221
219
220
222
221
219
222
222
219
220
221
223
219
220
222
222
219
220
222
221
218
219
222
221
218
222
223
221
218
219
222
220
217
220
221
219
218
221
222
219
217
220
221
220
221
221
220
219
219
222
221
219
220
221
220
218
221
221
219
219
221
221
218
217
222
221
219
219
223
222
220
218
223
222
219
220
223
222
219
220
223
219
219
221
221
220
219
221
221
219
220
221
222
219
219
221
221
219
220
222
221
219
219
222
221
218
222
222
219
219
221
222
219
218
221
223
220
219
223
223
220
218
221
223
220
220
221
221
219
221
222
221
220
221
222
219
219
221
223
219
217
221
222
218
221
221
220
218
219
223
221
218
219
223
220
218
221
223
220
218
220
222
220
220
222
222
220
219
220
221
220
218
221
222
220
219
223
221
219
220
222
221
221
221
222
220
219
221
223
220
218
223
223
220
218
223
224
220
218
222
223
219
221
222
222
218
220
223
221
219
220
223
220
219
221
223
220
219
221
222
220
218
221
222
218
220
221
220
218
219
222
220
219
221
222
220
218
220
223
220
218
220
222
219
220
220
223
219
219
222
222
219
218
221
221
219
220
221
219
220
219
221
220
220
220
222
219
220
221
220
219
220
222
221
218
220
222
221
218
220
222
221
221
219
222
221
218
221
223
220
218
220
222
220
220
222
221
221
220
221
220
221
220
221
220
219
220
221
222
219
220
222
220
220
221
222
220
218
221
223
220
217
222
222
219
220
222
223
220
218
221
223
219
217
222
222
219
220
222
222
218
220
221
221
220
221
222
220
219
221
222
220
220
221
221
219
219
221
220
220
220
