2
292
318
295
270
296
318
288
272
302
316
280
271
307
315
278
277
313
310
272
283
316
304
270
286
319
299
269
292
319
293
269
300
318
286
271
305
316
280
275
310
313
275
278
311
307
272
284
316
301
269
289
320
296
269
297
320
290
270
303
318
283
275
309
314
280
277
311
311
276
281
315
307
274
287
319
301
271
292
320
293
270
300
319
287
276
305
315
283
277
309
312
277
279
313
310
276
285
319
304
272
290
321
297
270
296
321
290
270
302
319
286
275
307
315
280
278
312
311
276
282
317
306
271
289
318
300
273
292
317
292
271
296
318
291
273
304
317
284
274
309
316
279
279
309
308
273
285
317
305
273
290
313
297
277
297
319
297
276
300
314
288
276
305
314
282
279
309
312
280
287
316
303
275
291
318
299
274
294
317
297
284
307
315
289
284
309
312
285
286
311
306
280
288
312
304
280
290
313
298
279
296
314
295
278
300
312
290
278
302
311
284
283
307
308
281
282
311
305
278
287
313
303
275
294
315
295
276
298
313
289
276
302
313
284
277
303
311
280
279
306
304
275
285
310
299
273
288
312
296
272
292
314
293
272
295
316
293
276
300
316
287
276
306
315
283
277
309
312
280
280
312
307
275
287
316
302
273
291
318
296
271
296
317
291
273
301
316
285
274
306
315
281
277
311
309
271
281
314
306
275
286
317
300
272
293
317
295
274
300
317
291
274
304
315
284
275
307
314
280
278
313
309
278
283
317
305
273
291
319
300
269
293
320
292
268
301
317
284
272
305
315
280
274
311
311
277
280
316
309
272
287
319
302
272
292
318
294
273
297
318
288
274
305
316
285
276
308
314
279
276
311
310
276
280
314
305
273
286
316
301
272
293
318
294
271
299
318
287
272
306
318
281
277
310
312
275
279
317
308
272
285
319
304
272
293
321
295
268
298
318
289
273
301
317
284
276
307
313
281
277
310
309
278
284
315
305
275
288
317
300
271
291
320
295
269
299
318
287
271
303
316
282
273
310
314
275
276
313
309
271
281
317
304
269
288
319
298
268
294
320
293
271
302
318
285
274
307
313
278
277
312
311
273
283
315
305
270
287
318
299
268
293
319
292
271
299
319
289
272
301
319
284
274
306
312
279
278
311
307
274
282
315
303
272
289
317
298
271
293
320
293
271
303
324
296
281
319
327
292
290
325
325
288
291
329
317
284
296
326
311
279
297
323
299
275
301
320
293
277
307
321
287
281
313
319
283
284
318
314
281
290
321
310
278
293
323
305
276
298
324
298
275
302
323
291
276
306
318
286
275
310
316
280
280
316
311
275
286
320
305
271
290
321
300
273
300
323
293
276
308
321
288
279
314
319
285
285
316
316
281
283
318
312
274
288
321
305
272
293
321
298
270
297
321
291
272
304
318
284
277
312
315
278
283
314
310
275
287
318
303
273
291
320
297
272
298
318
294
273
300
319
287
275
304
316
283
278
309
311
278
281
312
306
274
283
314
302
268
289
318
294
269
297
318
286
269
301
313
280
272
306
309
274
276
310
304
271
279
311
299
269
282
315
299
270
290
316
294
271
298
317
287
273
304
314
285
275
308
312
279
279
314
308
273
286
320
302
271
294
320
297
272
299
320
290
273
304
317
284
276
305
314
281
276
309
309
277
282
313
303
274
285
315
298
271
290
319
294
269
299
318
287
272
305
315
280
275
311
313
276
280
315
307
272
284
315
301
272
289
317
296
270
294
317
290
272
300
317
285
273
304
312
280
277
309
311
278
279
316
305
271
286
316
301
269
292
319
294
268
297
318
289
270
304
318
282
273
307
312
277
280
312
308
274
284
316
303
274
289
317
297
269
294
318
291
268
298
316
283
271
304
314
280
276
311
309
275
283
312
306
274
285
317
304
272
288
317
298
272
294
317
292
271
300
316
286
273
307
313
279
277
310
307
274
284
316
304
271
289
318
298
272
293
317
291
271
297
317
288
272
301
316
282
272
307
310
276
276
313
308
272
282
316
303
271
288
318
298
269
294
319
289
271
301
316
282
275
306
311
282
276
310
308
275
282
314
305
272
288
316
301
272
290
317
296
268
295
317
290
271
303
316
283
274
309
310
277
280
315
307
275
285
313
305
272
288
316
297
272
293
316
291
270
299
316
286
273
304
317
282
275
310
313
275
280
316
308
271
286
316
301
271
289
317
295
272
297
317
289
272
301
315
283
271
305
312
279
277
311
309
276
282
315
304
273
286
318
299
270
291
320
294
269
300
318
287
272
305
316
281
273
309
311
277
281
314
305
275
286
314
299
273
292
316
292
271
296
317
288
272
303
315
283
274
308
312
281
278
310
311
277
280
313
307
274
286
316
302
273
292
319
294
272
296
318
289
272
303
316
285
274
309
312
275
278
312
305
272
285
317
301
271
289
319
296
271
295
318
290
274
299
316
287
274
304
316
282
275
308
309
272
280
314
305
271
283
316
300
268
289
317
293
268
299
317
288
269
302
316
284
272
307
313
280
277
311
308
276
281
314
304
272
287
318
299
269
293
318
290
271
300
318
285
273
305
314
278
279
311
312
277
278
315
307
270
283
316
301
268
288
318
296
269
293
319
291
272
300
316
286
274
305
314
279
275
311
309
273
282
315
303
271
289
318
297
269
294
319
292
271
300
318
285
276
305
315
282
275
307
310
276
277
311
307
275
282
317
303
269
288
319
295
270
296
320
289
272
302
316
283
276
304
314
280
279
309
310
277
281
313
306
272
286
317
299
271
289
317
295
272
297
316
288
273
302
314
286
276
307
313
280
278
312
308
276
282
317
304
272
292
318
298
271
295
318
289
272
301
319
284
274
308
314
280
279
309
309
277
280
312
306
273
285
315
300
272
291
316
294
272
297
317
288
272
300
314
283
277
306
314
279
278
309
308
272
280
316
304
269
285
318
298
269
291
319
292
269
299
318
285
271
304
314
282
274
309
313
276
280
313
305
272
285
314
300
271
289
314
294
271
297
317
288
271
301
314
283
276
307
312
279
277
312
307
274
282
314
304
270
286
317
299
270
293
318
293
269
299
316
286
270
303
314
279
278
308
309
282
282
312
309
275
287
314
301
272
291
316
295
271
295
316
290
272
297
315
285
272
303
315
280
275
309
312
278
280
313
307
272
285
315
301
271
290
318
293
270
299
318
288
273
304
314
281
275
309
311
278
278
313
308
274
286
315
304
276
288
313
297
280
296
313
291
272
296
314
293
289
312
318
285
280
308
310
277
279
308
306
278
283
311
299
276
300
317
296
272
295
312
287
280
304
308
284
281
304
304
282
285
307
303
280
287
310
299
278
289
310
295
278
294
312
292
271
296
314
288
276
303
312
283
277
310
310
280
282
313
306
278
287
315
302
276
292
317
300
277
298
316
295
280
307
317
293
281
311
319
291
287
314
318
283
287
317
310
279
292
321
305
275
295
323
296
274
302
320
292
279
305
316
290
282
307
311
284
284
311
307
281
288
315
303
275
291
318
295
274
295
316
291
273
300
315
286
277
305
315
283
276
314
312
274
278
316
309
272
286
317
301
273
291
317
293
271
295
316
289
272
299
313
284
275
305
311
281
281
310
308
276
284
314
303
273
289
316
299
273
291
318
292
268
297
318
284
269
303
315
279
274
308
311
275
278
311
305
271
284
315
299
272
289
316
298
273
294
316
290
273
300
313
285
275
305
312
280
280
309
308
275
281
314
305
272
288
315
299
272
292
317
293
273
298
315
289
274
302
314
283
273
305
313
277
276
312
307
275
286
315
301
270
290
316
295
269
294
314
290
269
297
315
285
271
303
314
280
274
310
312
275
279
312
304
272
286
315
299
268
292
316
292
269
296
317
286
271
303
314
280
272
308
311
274
277
311
307
272
281
315
304
269
288
316
296
269
292
317
290
269
300
318
286
272
305
314
279
275
308
310
275
281
312
306
273
286
313
300
274
291
316
296
272
296
319
290
272
301
318
286
277
305
314
282
278
310
309
276
285
313
303
275
288
315
300
273
291
315
293
268
296
316
287
272
304
315
280
275
310
312
276
277
312
306
271
281
314
303
269
289
317
298
269
294
319
293
270
299
318
286
273
304
313
280
274
311
311
274
282
313
302
270
287
313
296
272
292
314
294
270
295
315
288
269
301
316
283
272
309
313
276
280
313
308
273
284
317
302
272
290
318
295
271
295
317
289
273
297
314
287
275
303
314
280
276
309
310
276
279
313
306
272
282
315
303
269
289
318
296
269
294
317
291
270
301
317
285
273
306
311
280
278
310
309
276
281
315
303
269
287
317
296
267
293
315
289
270
300
316
287
271
302
313
280
272
306
310
276
277
313
306
270
281
314
301
268
287
316
295
268
292
317
289
270
298
314
283
271
305
312
276
275
310
308
272
280
315
304
270
287
317
298
272
293
318
292
272
296
316
287
274
301
315
284
274
307
312
277
278
312
310
273
285
315
301
271
290
316
294
268
295
318
288
270
301
317
283
271
307
315
277
277
311
309
275
282
314
305
274
286
316
302
274
290
316
296
272
296
317
289
274
301
315
283
276
308
312
277
276
311
308
271
282
314
302
268
287
317
295
271
293
317
290
268
300
317
284
270
305
314
280
274
309
310
276
282
313
304
273
286
315
300
273
292
317
296
274
296
317
289
273
302
315
284
272
306
314
280
276
311
310
275
281
317
304
272
290
318
300
272
294
319
293
271
300
318
285
271
304
315
279
273
308
309
274
279
314
305
274
285
316
299
271
287
317
294
269
293
317
289
270
300
315
284
274
305
311
280
278
309
307
277
279
314
305
274
285
317
299
269
292
318
291
268
299
318
286
271
305
319
283
279
312
313
278
280
314
308
272
284
317
300
270
289
318
297
270
296
317
290
270
300
318
283
273
305
314
280
275
312
308
273
283
314
304
272
287
316
299
271
291
318
295
270
296
317
290
271
300
316
284
275
306
313
280
276
310
308
273
280
315
303
270
287
316
297
267
291
317
291
268
297
316
285
270
305
315
278
275
311
310
274
280
312
305
272
285
315
299
270
290
315
295
270
294
315
289
272
302
314
281
275
306
310
278
278
309
308
273
279
313
303
268
286
317
297
267
291
320
292
268
295
318
287
270
301
315
280
274
307
311
278
277
312
307
273
280
314
303
271
287
317
295
271
293
316
289
270
299
315
284
271
305
314
279
275
312
310
273
279
314
304
270
286
318
299
268
291
317
293
269
297
317
287
271
304
316
280
274
308
312
275
277
311
306
272
282
317
302
268
289
318
294
268
294
317
289
272
301
315
284
273
303
315
280
276
307
307
276
280
311
303
271
288
314
299
271
290
315
292
271
297
315
288
273
300
313
282
272
308
313
279
276
313
310
272
280
315
301
270
287
318
296
270
294
316
290
270
297
315
287
272
303
316
282
273
309
311
276
277
311
306
273
284
315
300
270
289
316
295
270
295
318
290
270
301
316
283
274
304
312
280
275
309
309
275
278
314
303
270
286
316
296
269
291
316
291
269
298
317
285
271
303
314
280
273
310
313
274
277
312
305
272
285
318
301
272
289
316
294
270
294
316
290
272
300
314
285
273
304
315
280
276
309
309
275
280
315
305
271
286
317
299
267
290
318
294
268
297
318
287
270
303
316
280
273
309
314
275
276
312
308
273
284
315
301
268
289
317
296
270
294
317
289
269
299
316
283
272
304
312
277
275
309
309
275
280
313
305
272
283
315
300
271
288
315
294
270
294
318
290
269
301
314
282
272
306
311
276
279
311
305
271
283
313
300
271
288
316
295
266
292
317
289
267
298
316
284
272
303
313
279
274
307
308
275
281
312
305
272
285
318
301
270
290
317
295
271
295
316
288
271
299
314
282
270
304
313
278
276
312
309
273
280
315
303
269
287
317
296
271
293
317
291
271
297
315
286
273
304
313
282
274
306
312
278
277
311
306
273
282
315
301
270
286
315
295
270
294
315
290
271
299
319
285
273
303
312
279
277
309
310
275
280
313
305
273
283
316
301
267
289
317
292
270
297
318
287
271
303
316
280
275
304
308
274
277
312
307
277
286
314
301
273
289
314
293
273
293
311
287
271
295
313
288
275
303
311
283
277
307
310
278
281
312
304
274
284
313
300
272
287
304
282
267
295
306
280
275
303
307
279
281
308
303
276
284
310
298
274
288
315
296
273
294
312
291
276
298
314
287
280
302
309
282
282
303
306
280
285
309
304
278
286
310
299
277
291
312
296
276
295
313
291
274
298
311
286
274
301
306
282
281
310
307
280
285
309
304
279
289
311
298
277
289
313
296
273
294
315
290
272
298
315
286
272
303
313
279
274
309
310
275
280
311
306
271
283
315
301
270
289
317
295
270
294
316
289
272
298
314
286
275
304
313
280
275
309
309
275
279
313
304
270
284
317
300
268
291
316
291
270
296
315
286
272
302
313
281
274
306
309
279
278
309
305
275
281
313
301
271
285
317
296
268
293
317
290
267
299
314
285
270
305
316
278
276
309
307
274
279
311
304
272
286
314
300
272
290
317
293
272
297
316
287
272
300
316
283
275
303
313
278
278
312
308
272
282
316
304
270
289
319
296
268
293
318
290
272
299
316
288
274
303
317
283
278
309
311
279
281
314
307
277
286
316
300
272
291
317
296
273
298
317
290
272
302
315
284
273
305
313
280
275
312
310
275
281
317
308
272
287
319
304
274
294
322
299
274
301
322
293
276
305
320
288
278
310
315
277
282
315
310
274
287
321
305
278
294
322
303
278
300
325
300
282
307
325
296
284
316
327
293
290
321
323
289
293
325
317
285
297
326
308
280
300
325
303
279
306
324
299
282
314
327
295
287
322
325
289
291
326
323
286
294
330
313
280
298
326
303
277
300
321
295
276
302
319
289
278
306
315
283
276
309
312
276
281
315
307
271
286
318
300
269
293
318
293
268
296
317
288
272
302
315
284
274
304
311
279
275
311
310
275
279
313
305
