3
288
271
278
294
285
270
281
294
282
270
283
294
279
271
286
294
278
272
288
293
277
275
291
290
274
276
293
288
271
279
296
285
271
282
295
283
271
284
296
281
272
288
295
278
274
292
294
275
274
294
291
273
277
295
289
272
280
295
286
271
283
295
283
270
285
294
280
270
288
295
277
274
290
291
275
275
290
289
272
276
292
288
271
279
295
285
269
281
296
283
269
284
296
279
271
287
295
278
272
289
294
276
274
292
291
273
277
294
289
272
280
296
286
272
282
294
282
272
284
294
281
273
288
295
277
272
290
293
275
275
293
291
273
276
295
289
272
278
296
287
272
281
297
283
271
286
297
281
273
288
294
279
274
290
292
276
276
292
290
274
279
294
288
273
282
295
288
273
284
295
284
271
285
296
282
272
288
295
279
273
291
295
277
275
292
294
275
279
296
292
274
282
296
287
273
284
296
285
273
286
297
282
274
288
295
280
276
290
292
276
280
293
291
276
282
294
288
276
283
297
288
273
283
297
285
272
284
295
283
274
289
296
281
277
292
295
279
279
293
292
279
284
295
288
275
283
293
282
271
283
291
281
271
283
290
277
274
287
291
