
299
292
303
308
296
292
305
307
295
294
307
307
293
296
308
305
295
299
310
303
294
300
310
300
293
301
308
298
293
304
308
295
293
305
308
296
296
308
306
293
298
310
304
293
298
309
301
292
301
311
299
293
304
311
298
293
306
308
295
296
308
306
296
296
308
304
295
299
309
302
294
300
309
300
293
301
309
298
293
304
310
296
294
305
308
294
294
307
305
292
296
309
305
291
298
310
301
291
301
310
300
293
303
309
299
293
305
307
295
296
306
305
294
296
308
304
292
299
308
301
291
301
308
299
292
303
308
297
292
303
308
296
294
305
308
295
294
307
305
292
296
307
304
292
299
308
301
293
301
309
299
293
304
309
297
294
305
308
296
296
306
306
293
297
308
304
292
298
309
302
293
300
307
300
293
301
307
297
292
301
307
297
294
305
308
294
293
305
304
291
295
306
301
294
299
308
301
295
301
308
299
294
303
308
296
294
303
307
298
297
307
305
296
297
306
303
294
297
307
301
292
298
307
300
290
300
307
297
292
302
305
295
293
302
304
295
295
304
303
293
297
307
302
291
296
305
301
290
298
306
298
290
301
306
296
291
303
307
294
293
303
305
292
293
306
303
291
295
305
302
291
297
306
300
292
300
306
297
293
302
306
295
293
303
305
294
294
305
304
291
296
307
303
291
299
308
301
290
300
310
298
290
301
309
296
292
305
307
293
294
304
305
294
295
307
304
293
296
307
302
291
298
309
300
291
301
308
297
291
303
308
295
291
305
306
292
292
306
304
291
295
307
301
291
297
308
300
291
298
306
299
291
300
307
297
