280
273
287
294
278
272
287
291
275
276
289
290
274
277
293
288
274
278
294
285
270
280
293
284
269
282
293
281
270
285
293
279
271
288
293
275
273
290
293
273
275
293
290
271
278
295
288
270
282
297
285
270
283
296
283
270
287
297
278
269
287
295
275
272
291
293
274
273
292
292
272
277
295
289
269
279
297
285
269
284
297
281
270
286
295
278
272
290
294
276
273
293
293
273
275
295
290
271
277
295
287
270
280
295
285
269
282
296
283
270
285
295
279
271
288
295
277
272
292
292
275
274
294
291
272
276
296
288
270
281
297
285
269
283
298
282
268
287
297
280
270
288
295
276
271
292
294
273
273
294
291
270
276
296
288
269
280
295
285
270
283
296
282
271
285
295
279
271
287
295
277
273
291
294
274
274
294
292
273
277
296
289
270
279
298
286
269
283
299
282
269
287
298
280
271
290
297
277
273
292
295
274
276
294
290
271
277
294
286
271
279
294
284
270
284
297
284
274
292
302
285
281
300
304
286
284
302
303
284
284
304
301
280
287
306
299
281
290
305
296
280
292
305
291
279
