0
239
242
242
240
240
242
242
240
240
243
241
239
240
242
240
237
240
241
240
239
241
243
239
239
242
242
238
238
241
241
239
239
241
241
237
238
242
240
238
240
240
240
238
241
241
240
239
240
240
241
239
240
243
240
237
240
242
240
238
240
241
239
238
240
241
239
239
241
240
239
240
242
240
237
241
242
240
240
242
242
240
240
242
241
240
239
243
242
240
240
242
243
239
240
242
241
241
241
241
241
239
240
242
241
240
240
240
241
240
240
243
241
239
241
240
240
239
242
242
240
240
242
242
238
239
243
241
239
242
244
241
239
240
243
241
240
240
243
241
240
241
242
241
239
240
243
239
239
240
241
239
239
242
241
239
240
242
240
238
241
242
240
238
241
242
240
240
242
242
241
239
241
241
240
239
241
241
240
240
241
243
240
240
242
242
240
240
243
243
239
240
243
242
239
240
242
242
239
241
242
239
239
242
243
240
241
242
241
241
241
241
241
240
241
242
241
240
242
243
240
240
242
243
242
240
241
243
241
240
243
244
241
240
242
244
241
241
243
243
240
242
244
242
242
242
243
240
241
241
242
241
241
242
242
242
240
242
243
240
239
243
244
241
241
243
242
241
242
244
243
240
242
243
242
240
241
243
243
241
242
243
241
240
242
245
242
240
242
243
243
241
243
244
242
241
243
243
241
241
244
243
240
242
244
242
241
242
243
241
241
244
244
241
242
243
243
242
241
243
242
242
240
242
244
241
240
244
243
241
240
244
243
240
241
244
241
240
242
244
241
241
242
242
240
242
242
242
241
242
