
250
248
246
248
250
247
245
248
250
247
246
247
248
246
246
247
249
245
245
248
249
244
244
249
248
244
246
249
247
245
246
250
246
243
248
250
247
244
248
249
246
244
248
249
246
245
248
247
245
246
248
247
246
247
248
247
245
246
249
247
244
247
249
246
243
247
249
245
245
248
248
245
245
247
248
245
244
247
247
245
246
247
249
245
246
247
247
245
247
248
246
244
247
249
245
245
247
248
246
245
248
248
245
245
246
246
244
244
249
247
243
247
248
247
243
247
250
247
243
247
249
245
243
247
249
244
244
247
247
244
245
247
248
244
245
248
248
245
245
247
247
243
245
249
246
243
247
248
244
244
247
248
244
243
248
248
244
244
248
247
244
247
249
246
243
246
248
245
243
245
248
247
245
245
248
246
243
245
248
246
244
248
249
245
245
248
248
245
245
249
247
245
247
250
248
246
247
249
245
246
247
248
247
246
248
249
247
246
248
250
246
245
247
249
244
245
249
248
244
246
250
248
244
247
249
246
245
248
248
247
245
247
247
246
245
247
248
245
246
249
248
245
245
248
248
246
246
250
248
245
247
249
248
245
247
249
248
246
248
249
247
247
248
249
248
246
248
249
245
247
248
248
247
248
249
248
247
248
248
246
248
249
248
246
247
248
250
246
247
248
250
246
247
248
249
247
247
250
250
245
248
251
247
245
248
251
247
247
249
250
247
247
249
249
247
247
249
247
247
246
249
249
246
248
250
247
246
249
250
247
246
248
250
246
247
249
248
247
247
249
248
247
246
249
250
247
245
249
249
247
246
249
250
247
247
250
249
246
247
249
248
245
247
250
247
246
248
249
246
246
248
248
246
247
248
249
246
246
250
249
244
246
249
248
243
247
250
247
245
247
248
246
245
247
248
246
245
246
249
246
245
248
248
246
245
247
249
245
246
249
248
244
248
249
247
244
248
249
247
246
247
248
247
246
248
249
246
246
248
249
246
247
249
248
246
