460
461
460
460
460
459
459
458
458
456
456
455
454
455
454
454
454
454
454
451
450
452
451
449
448
449
448
446
445
446
445
442
443
443
441
440
440
440
438
437
437
437
434
434
434
434
431
431
432
430
428
428
429
428
426
426
426
425
422
423
424
422
420
420
421
418
416
417
418
416
414
415
415
413
412
413
412
410
410
410
409
408
408
408
406
405
406
406
403
402
403
402
401
399
401
400
399
398
399
398
396
395
396
396
394
393
395
394
391
392
392
392
389
389
391
390
387
387
388
387
384
385
386
385
383
383
384
382
380
381
381
379
377
379
379
376
376
377
376
373
374
375
374
370
372
373
371
368
370
371
369
367
368
369
365
364
366
366
364
363
364
363
361
360
361
362
359
359
360
359
358
356
358
357
355
355
357
355
353
354
354
353
351
352
352
350
348
351
350
347
347
350
349
346
346
347
346
344
344
345
344
342
343
344
342
340
341
341
340
338
340
341
338
337
339
338
337
336
337
337
334
334
334
334
333
333
334
333
331
332
332
331
329
330
331
329
327
329
329
328
326
327
328
325
324
326
327
324
322
324
324
321
322
324
324
321
321
322
320
318
320
320
318
317
318
319
316
315
318
317
314
315
316
316
313
314
315
314
312
312
313
313
311
312
312
311
308
309
312
310
308
310
311
307
307
308
309
306
306
308
307
304
304
306
305
303
304
305
303
301
302
303
302
301
301
303
300
300
301
302
300
299
300
301
299
296
298
299
297
295
299
298
294
296
298
297
294
295
297
295
292
294
296
294
292
294
295
293
291
293
294
290
290
292
291
290
289
291
290
289
288
289
290
287
288
289
288
287
287
288
287
285
287
287
284
284
286
287
284
284
285
286
283
281
285
285
282
281
284
283
280
281
283
282
279
281
282
281
280
281
280
279
278
280
279
278
279
278
279
277
276
277
278
275
276
277
276
273
275
278
276
273
275
278
274
272
275
276
274
273
274
276
273
272
272
275
273
271
273
273
271
270
273
272
270
270
272
271
269
269
271
270
269
269
270
269
268
270
271
268
267
269
270
268
267
270
271
267
266
268
268
266
266
269
267
266
266
267
267
266
267
268
267
265
267
268
265
265
266
268
266
264
266
267
264
264
267
266
263
265
266
264
261
264
265
264
262
265
265
264
263
263
265
264
262
264
264
263
261
263
264
262
260
263
265
261
261
263
264
260
261
263
261
261
260
261
262
259
259
260
260
259
260
262
259
258
260
262
258
258
259
260
257
258
260
260
256
257
259
258
256
258
261
258
256
258
259
256
255
257
258
256
256
257
258
255
256
257
257
255
256
257
256
255
255
257
258
255
255
256
254
255
254
256
254
253
255
256
253
253
255
254
253
252
255
255
254
253
255
255
252
251
254
255
253
252
255
254
251
252
254
252
251
253
253
252
250
253
252
252
253
253
253
251
250
253
251
251
252
253
252
250
251
253
251
249
252
252
250
249
251
252
249
249
251
251
250
248
249
251
249
249
249
250
250
248
250
251
249
248
250
251
248
247
250
251
247
248
250
248
247
249
250
247
249
249
249
248
247
249
249
246
248
249
248
246
248
251
248
246
247
251
248
245
248
249
247
247
248
248
248
247
247
251
248
245
247
248
246
247
248
249
247
246
249
248
246
246
249
246
246
248
248
246
247
249
249
246
246
248
248
247
245
248
248
246
245
247
247
246
246
247
248
245
246
247
248
245
246
248
248
245
248
249
247
246
248
248
246
244
248
249
245
245
248
248
245
247
248
246
244
247
247
247
246
247
248
247
246
247
248
247
246
248
248
245
245
247
247
245
245
249
248
246
246
246
247
246
245
246
247
245
245
247
246
245
245
248
247
244
246
248
244
244
247
248
245
243
248
246
244
244
248
246
243
245
248
246
244
244
247
245
243
246
248
245
245
245
247
245
245
247
246
245
245
246
246
245
244
246
246
243
246
247
245
245
246
246
244
243
245
246
244
243
246
245
244
243
247
246
245
244
246
245
245
245
246
246
244
244
245
246
244
244
246
247
244
244
245
246
244
245
245
245
244
244
245
245
245
245
245
243
243
244
245
243
245
244
244
244
242
244
244
243
243
245
244
242
242
246
244
241
244
246
243
241
243
246
243
243
245
245
244
243
244
244
244
243
244
245
243
244
245
244
243
243
245
244
242
244
246
244
243
246
246
243
245
246
246
243
243
246
246
242
243
246
245
242
242
246
245
242
244
246
243
242
244
245
244
244
246
245
244
243
244
245
245
242
244
244
243
242
246
245
242
245
245
244
242
245
246
243
242
245
244
244
242
243
244
242
242
243
245
243
242
243
243
242
241
242
244
241
242
243
242
242
242
243
242
241
241
242
242
242
242
243
242
240
242
243
241
240
242
244
240
241
242
243
240
241
243
243
240
240
244
242
239
241
243
240
239
242
243
241
241
242
242
240
240
240
242
241
241
241
242
240
239
241
241
240
240
243
241
240
240
242
242
239
241
242
240
239
240
243
240
238
242
242
240
239
241
243
239
239
241
242
240
239
242
242
239
240
244
240
239
241
241
239
240
241
241
241
240
241
240
239
240
241
240
238
240
241
239
238
240
242
240
240
241
241
240
239
239
242
240
238
241
242
241
239
243
243
241
239
241
244
240
240
243
243
239
241
243
242
240
242
244
242
241
242
243
242
242
242
242
242
241
242
242
242
240
242
244
240
239
243
243
241
240
244
242
240
242
244
242
240
241
244
242
240
242
243
241
241
241
242
242
241
241
243
241
240
241
243
241
240
243
242
240
242
243
241
241
242
243
241
240
242
242
240
240
243
242
241
240
241
243
241
241
242
243
240
239
243
244
240
240
242
242
240
241
244
242
241
241
241
241
240
241
242
241
241
242
241
240
241
242
241
240
241
242
241
241
241
241
241
241
241
241
240
239
242
242
242
240
241
242
241
240
240
243
241
239
242
241
241
240
240
243
240
239
241
241
241
240
241
242
241
241
241
241
241
240
242
240
239
241
240
238
239
241
240
239
240
241
240
238
239
242
240
238
239
240
240
240
240
241
241
240
239
243
240
238
240
242
240
238
240
242
240
239
240
241
239
238
240
241
240
239
240
241
239
239
240
240
237
240
241
240
238
242
242
239
238
240
241
238
238
241
242
239
238
241
241
240
240
242
243
239
240
241
243
239
241
243
242
239
242
242
241
240
242
243
240
241
242
241
239
241
241
240
239
241
240
241
240
239
242
242
238
241
243
241
238
241
243
239
238
241
242
239
239
241
241
240
240
240
243
241
239
240
242
240
240
242
242
239
241
241
239
238
241
242
240
239
241
242
239
239
241
241
239
239
242
241
238
237
242
241
239
239
241
241
238
240
242
241
239
240
241
241
239
240
242
240
238
241
240
239
239
241
240
239
240
240
242
239
240
240
240
239
240
240
239
238
241
240
239
237
241
241
238
239
241
240
239
238
239
240
239
237
241
240
239
238
241
240
238
238
242
239
237
239
241
239
238
240
241
239
238
240
239
238
239
240
240
239
239
239
241
239
238
240
241
239
238
240
240
239
239
241
240
238
238
241
240
238
240
241
239
238
240
241
240
237
240
242
240
238
241
241
238
240
241
239
238
240
241
239
239
240
242
239
239
240
240
239
239
239
242
240
240
241
242
240
238
241
242
238
239
242
241
239
240
243
241
239
240
242
241
238
241
241
239
238
240
241
239
239
241
241
239
239
241
241
239
239
241
240
238
239
241
241
237
