241
243
244
242
241
243
244
242
241
243
242
240
241
241
242
240
240
242
242
239
242
244
241
240
243
244
240
240
244
244
240
240
243
242
240
240
243
244
240
240
242
243
239
241
244
242
239
242
244
240
240
243
244
241
241
243
243
242
242
241
243
241
241
243
243
241
241
244
242
241
242
244
242
240
242
243
242
240
243
244
240
239
242
243
241
241
243
244
241
241
242
243
241
241
243
243
241
241
244
243
239
242
244
240
238
243
244
240
241
244
244
242
240
243
244
241
242
243
243
241
241
244
243
240
241
243
244
240
241
244
243
240
242
246
243
240
244
245
242
240
244
243
241
242
246
244
241
244
245
245
241
243
245
244
241
243
246
243
241
245
246
243
240
246
245
242
242
245
246
241
243
245
245
242
244
245
245
241
244
246
244
241
245
246
243
242
245
245
244
242
244
245
243
242
244
246
242
242
246
244
240
243
247
244
241
244
246
243
240
245
246
243
242
245
246
242
241
244
244
242
242
244
245
243
242
244
243
241
242
244
244
243
