367
357
348
343
339
338
338
340
338
340
340
338
336
331
325
319
311
306
303
315
306
288
291
303
294
278
285
296
287
274
283
294
282
272
285
293
278
272
286
291
274
272
287
288
273
273
289
285
271
276
290
283
268
278
289
280
267
279
290
276
268
281
289
273
269
284
287
270
270
285
284
269
271
285
283
268
274
286
279
267
276
287
276
267
278
287
275
268
280
289
272
267
282
286
269
268
284
283
266
270
284
280
265
272
287
278
266
274
287
277
264
276
287
274
266
278
286
272
267
281
285
269
268
284
283
268
269
285
281
264
272
286
279
265
276
286
274
263
278
285
272
265
279
286
271
266
281
285
269
268
282
282
267
269
285
280
266
272
285
279
265
274
287
277
264
276
287
271
265
280
285
270
267
281
284
267
269
282
281
266
270
284
279
265
271
285
278
264
274
285
273
265
276
286
272
265
277
284
270
267
281
284
268
266
281
283
267
268
283
280
265
270
285
277
265
274
286
274
263
275
285
271
263
279
285
268
265
281
283
267
267
284
281
265
269
285
280
265
272
283
279
263
272
285
274
262
274
285
272
263
277
284
269
264
279
283
268
265
281
280
266
268
282
278
263
271
284
277
263
272
285
274
262
275
285
269
261
278
283
267
263
280
283
265
265
281
280
263
267
282
276
261
269
283
275
262
272
283
272
262
274
282
269
262
277
281
265
264
280
281
265
265
280
279
264
266
282
277
263
268
284
275
262
270
284
272
262
273
284
270
262
276
282
266
263
280
280
265
265
281
279
263
268
282
277
261
269
284
274
260
270
284
273
261
275
285
269
263
277
284
268
263
281
283
265
266
283
280
265
268
284
277
262
271
284
275
261
273
285
271
263
273
283
271
264
277
285
268
265
280
283
265
266
283
280
262
268
284
276
261
271
286
274
261
274
286
272
261
275
284
269
264
278
283
266
264
279
283
267
266
281
279
263
268
282
278
264
271
284
275
263
274
284
271
263
276
284
270
263
278
284
268
263
280
281
264
265
283
279
261
266
283
278
261
271
284
275
260
272
285
271
261
275
283
269
262
278
282
267
263
280
281
265
266
283
278
263
269
285
277
262
272
285
275
264
275
285
272
263
278
284
269
265
279
283
268
265
280
284
266
265
281
280
263
267
282
278
262
270
284
275
262
272
285
271
261
276
285
268
264
278
282
265
265
281
280
264
267
283
278
263
268
284
277
262
269
283
274
262
272
284
272
262
273
283
269
263
278
282
267
264
279
281
266
265
281
279
263
267
283
277
262
271
285
273
262
273
283
270
262
277
282
270
264
279
281
268
266
279
280
267
267
281
279
265
270
281
275
263
270
282
274
263
273
282
271
263
276
280
267
264
279
278
265
268
280
276
265
268
280
277
265
271
281
273
263
273
282
271
264
274
280
270
264
275
282
268
264
276
279
265
265
280
