378
377
378
377
378
376
378
375
378
376
374
373
372
374
371
371
370
370
370
369
368
367
367
367
365
364
366
364
363
363
363
363
361
361
361
360
358
358
357
358
355
356
356
355
354
354
354
352
354
352
351
351
351
350
349
349
350
349
348
346
347
346
345
345
345
345
344
343
343
342
341
340
340
340
338
339
337
338
338
337
335
337
336
334
333
334
333
331
332
331
331
332
331
328
329
330
329
327
326
327
326
325
325
326
324
324
324
324
322
324
322
322
321
322
322
321
320
320
319
319
318
318
317
316
319
317
315
315
315
313
314
314
314
313
313
312
310
311
311
310
309
309
311
309
306
307
309
307
304
306
306
306
303
303
306
304
302
301
303
302
300
302
303
300
301
300
298
299
300
299
297
298
298
298
295
296
297
296
294
295
295
293
294
293
293
292
292
292
292
292
290
291
289
289
289
289
289
288
288
288
288
287
288
287
286
287
286
286
284
286
287
284
285
285
284
284
284
283
283
284
284
280
282
284
282
281
280
283
281
279
279
280
278
278
279
280
277
279
278
277
280
278
276
275
278
279
274
275
277
274
276
275
274
273
274
272
273
274
274
272
273
273
271
270
271
273
269
269
270
271
270
269
269
270
269
267
269
270
268
267
268
269
268
266
267
267
264
265
264
264
263
266
265
263
264
266
264
262
263
262
263
264
262
262
262
262
264
262
264
261
260
262
261
259
260
263
262
259
258
260
261
259
261
260
261
259
258
258
260
258
257
259
257
257
257
259
259
255
257
256
256
255
256
257
254
253
255
254
253
254
255
252
252
253
253
251
251
253
252
251
250
251
253
251
250
250
253
249
250
251
251
249
250
252
248
247
251
248
247
250
248
247
248
248
247
247
248
247
245
248
247
245
245
247
247
243
246
247
243
244
246
245
244
245
245
243
244
245
245
242
246
245
244
241
245
242
242
245
243
242
243
242
242
241
244
242
239
242
243
241
239
241
242
238
240
241
239
239
240
238
239
240
241
240
239
240
240
237
238
239
240
237
237
239
239
236
235
239
238
235
234
238
238
236
237
239
237
234
236
235
236
236
236
235
238
236
234
237
237
235
234
235
235
233
233
235
235
234
233
235
233
231
232
233
235
233
235
234
232
233
236
235
232
236
234
232
234
233
234
232
233
231
231
235
235
231
235
234
233
232
234
232
230
234
233
232
233
233
232
229
233
230
230
233
233
230
232
232
231
231
232
230
229
232
230
228
231
232
228
229
230
230
228
231
231
230
227
230
230
229
229
231
230
230
231
230
231
229
228
230
230
227
229
230
229
226
227
230
229
227
227
230
230
226
227
231
229
226
226
229
226
227
227
230
226
228
228
226
230
228
226
227
229
228
225
228
229
226
228
230
225
226
228
225
226
228
228
225
224
229
228
224
224
227
228
224
224
226
225
225
228
227
225
226
227
225
226
227
226
225
225
227
226
224
225
226
225
224
225
227
224
224
224
225
224
226
224
223
226
225
223
223
226
224
222
226
225
222
224
224
224
226
225
222
223
225
225
223
223
226
224
222
224
225
222
221
224
223
223
224
223
221
225
223
221
225
223
222
221
225
224
221
221
224
223
222
223
222
220
221
224
220
221
225
224
222
224
225
221
223
226
223
222
221
224
225
221
221
224
223
222
221
224
223
223
223
224
220
221
224
223
220
223
224
220
221
223
224
220
221
223
223
221
220
221
221
219
222
221
221
223
221
220
222
223
221
219
219
221
223
218
219
221
222
219
218
222
221
218
218
221
221
220
219
222
221
218
219
220
221
219
217
222
220
220
218
221
220
219
218
220
221
219
220
220
217
218
221
218
217
218
222
217
220
221
219
219
220
219
219
219
221
220
218
219
220
221
217
219
220
219
219
219
219
217
217
222
218
217
219
222
219
220
220
217
218
220
218
217
220
220
216
217
219
220
217
216
220
219
217
219
218
219
217
216
219
219
217
215
217
218
217
218
218
216
220
218
215
216
219
216
216
217
219
217
219
218
216
217
218
216
215
218
218
216
215
220
218
216
215
219
219
214
215
217
219
216
216
218
219
215
215
219
219
216
218
217
217
218
218
218
217
218
218
218
216
217
219
218
216
215
218
219
215
218
219
217
217
219
217
216
217
219
216
218
217
215
217
218
218
215
215
219
219
214
214
219
216
214
217
218
215
218
217
215
215
216
218
215
216
217
217
215
219
218
216
214
218
215
215
216
217
215
216
216
214
215
216
215
213
216
216
215
214
216
217
216
214
217
216
213
217
216
214
215
216
216
215
214
216
216
215
216
216
217
215
216
216
216
214
219
216
216
216
216
217
217
213
217
217
218
214
214
219
217
214
215
218
219
214
217
217
214
215
216
213
216
217
219
216
218
217
215
215
218
214
215
217
218
215
214
216
218
214
214
217
218
214
213
216
213
216
217
216
215
218
217
214
213
218
216
214
214
216
217
214
213
214
214
213
212
214
217
214
214
214
217
215
213
214
215
214
213
215
213
214
216
215
212
216
214
212
212
216
213
213
214
216
214
212
215
214
213
216
217
215
214
217
215
215
213
217
216
213
215
216
215
213
212
216
216
213
213
215
217
213
212
215
216
214
214
214
217
214
213
216
217
213
215
214
214
216
216
212
213
216
213
212
214
217
214
216
214
215
213
216
212
214
217
216
212
215
217
214
214
215
217
213
214
215
216
214
215
215
213
216
216
214
213
217
213
213
217
216
213
213
215
215
214
212
215
215
213
212
215
213
213
216
214
214
217
216
213
212
215
217
214
214
215
218
214
213
216
218
213
215
215
218
213
216
217
215
215
216
213
215
216
216
214
213
217
216
214
214
215
217
212
212
215
216
213
212
214
215
211
212
215
216
214
212
215
216
214
213
215
215
214
213
214
214
211
212
215
215
213
213
213
214
213
214
214
214
211
213
215
211
212
212
212
212
214
215
211
214
216
211
215
214
214
213
214
214
215
211
213
215
216
213
214
216
214
213
212
215
214
213
213
215
215
212
211
215
215
212
212
215
216
213
212
214
216
214
211
214
215
212
216
214
214
215
215
215
214
213
215
214
214
212
215
214
213
213
215
216
212
214
216
214
212
216
215
212
212
215
214
212
215
217
214
216
214
213
212
216
214
212
212
215
214
211
214
217
211
214
215
214
212
213
212
213
214
216
213
212
215
216
212
213
215
214
212
211
215
215
213
213
215
216
211
214
214
212
217
214
211
212
215
212
214
217
215
212
214
217
215
213
215
217
215
213
213
215
217
213
214
215
217
214
213
216
217
215
217
216
213
215
216
215
213
217
217
212
215
217
214
213
216
213
213
214
214
212
216
214
213
216
217
213
212
216
213
214
216
215
213
215
215
212
213
216
212
213
214
215
212
214
213
213
211
215
213
211
214
214
213
213
212
214
213
212
213
214
214
211
214
213
214
211
213
213
211
211
215
214
211
214
213
213
216
214
211
213
215
215
212
211
216
215
214
212
215
215
214
217
215
214
212
214
214
213
216
215
213
217
215
212
211
216
213
213
214
215
213
213
214
214
214
212
215
215
213
215
215
213
212
212
214
213
212
212
216
214
214
214
214
214
212
214
213
215
211
213
215
214
213
213
215
213
211
212
215
214
212
212
214
215
213
212
215
215
213
215
215
214
212
215
211
214
215
213
213
216
216
211
211
216
216
212
214
216
214
212
215
215
215
215
214
212
214
216
213
214
215
216
214
213
214
217
214
215
215
217
213
215
216
215
212
212
214
217
213
212
214
215
215
213
215
213
214
215
214
211
214
215
212
212
215
215
213
214
216
212
218
215
215
213
213
