
242
243
241
240
242
242
241
240
243
243
240
239
242
241
240
239
243
242
239
240
241
241
239
241
242
241
240
242
241
239
240
242
242
240
240
241
241
239
240
242
241
238
239
242
240
240
241
241
239
239
241
241
240
239
239
241
240
239
241
242
240
238
240
242
239
237
240
242
238
237
241
240
238
239
242
239
239
240
240
239
239
240
240
239
240
241
240
238
239
240
240
239
239
240
241
238
238
241
241
237
239
241
240
238
241
243
239
239
242
241
239
239
240
242
240
240
240
241
240
240
240
240
240
239
241
241
239
239
242
240
239
241
242
242
239
240
242
240
238
240
242
239
239
242
241
238
239
241
240
238
238
240
241
239
240
241
240
238
239
241
241
237
239
242
240
238
241
241
239
238
240
240
239
238
240
240
237
239
241
239
239
240
240
240
238
239
240
240
239
240
241
240
239
239
240
239
237
239
242
239
238
240
242
239
238
241
242
238
238
241
240
238
240
241
240
239
240
240
239
240
241
241
238
239
240
240
239
239
240
241
239
