230
209
205
226
227
205
207
228
224
202
207
229
220
200
211
230
215
199
215
230
211
200
218
227
206
201
219
225
203
201
223
223
201
204
226
217
200
208
225
215
199
210
225
211
198
214
226
208
199
219
226
204
202
221
223
201
203
225
221
200
206
224
217
197
208
227
212
197
213
226
209
196
216
225
206
198
220
223
202
200
222
221
203
205
226
221
202
210
230
218
197
213
230
215
200
216
229
210
201
221
228
207
202
225
227
203
204
227
221
200
206
227
218
199
210
227
213
199
211
226
211
199
215
228
208
200
222
227
204
202
224
224
202
205
225
220
199
205
225
215
197
210
225
212
201
214
227
211
201
216
226
206
200
220
222
202
203
221
219
200
207
219
213
200
210
221
209
195
210
223
207
198
216
226
208
201
218
219
205
208
223
220
204
211
224
217
202
213
225
213
201
215
225
210
203
216
223
207
205
219
221
206
206
221
220
204
207
222
218
203
210
223
213
202
212
223
211
204
216
223
209
204
218
223
207
207
222
223
206
207
221
219
201
204
222
219
200
206
215
204
193
207
215
202
193
210
220
205
196
214
222
202
199
219
224
204
204
223
224
204
207
230
223
203
212
230
221
201
216
232
217
201
221
233
212
203
223
229
207
206
226
226
205
206
228
223
203
208
228
221
202
213
229
217
202
214
226
212
200
218
229
208
202
221
225
205
203
225
224
201
206
227
221
198
209
228
215
196
212
229
210
197
215
227
206
196
218
225
203
199
221
222
199
202
224
220
200
206
224
218
198
209
226
213
198
212
225
208
198
215
224
204
199
218
224
201
199
222
221
199
204
225
219
197
208
227
215
196
211
228
211
196
214
228
207
198
218
225
204
199
222
224
202
204
224
220
197
206
226
216
199
210
227
214
198
213
227
211
197
216
227
207
198
221
227
204
203
223
223
201
206
227
220
200
209
229
217
199
212
229
214
200
216
228
212
201
218
227
207
202
223
226
204
205
227
223
201
208
228
218
199
211
229
215
199
215
228
211
200
219
228
208
201
222
227
206
204
226
226
203
207
227
221
203
210
228
220
201
213
229
215
201
217
230
212
202
220
229
208
203
223
226
206
205
226
223
203
207
228
221
201
212
230
218
200
214
231
215
200
219
231
209
201
221
228
206
203
226
226
203
205
226
223
199
208
228
218
198
213
229
214
199
214
227
211
200
219
228
208
200
222
226
205
205
228
224
202
209
229
220
200
210
230
218
200
216
231
213
203
219
229
211
202
221
227
208
205
224
226
205
205
225
222
202
208
228
219
200
211
229
215
199
216
230
212
199
219
229
208
200
224
227
205
206
227
225
202
208
228
221
202
211
229
217
200
214
231
216
200
217
229
211
201
221
228
208
203
224
227
204
206
226
223
203
