
203
217
216
202
205
217
214
200
206
218
211
198
207
218
208
199
209
221
209
196
208
220
205
197
209
209
194
195
207
206
191
195
209
204
189
195
211
207
190
199
215
205
191
204
217
202
194
208
217
200
195
210
216
198
197
215
217
198
198
215
214
196
202
219
210
194
203
219
208
194
206
220
205
196
209
219
203
194
212
219
197
196
215
216
195
199
217
212
192
203
218
208
192
205
219
206
192
209
219
202
194
212
219
200
195
214
216
197
198
215
213
196
201
218
212
195
201
219
207
194
205
219
207
195
208
218
203
195
211
217
199
195
214
216
196
198
217
213
193
201
218
208
191
204
219
205
192
207
219
202
192
211
219
199
194
213
217
198
197
216
215
195
200
218
212
195
203
219
210
195
206
219
207
195
209
220
204
197
212
219
202
198
214
217
199
198
219
216
196
202
220
211
193
205
221
208
193
207
221
205
193
210
220
201
195
213
219
199
197
216
217
196
198
218
214
194
200
218
210
193
205
220
206
194
208
218
202
194
211
217
200
195
211
215
196
197
215
212
195
199
217
211
192
200
219
209
192
204
220
205
192
208
219
202
193
212
218
200
197
215
216
197
197
216
214
195
200
220
211
194
204
221
208
192
208
221
204
193
212
219
200
193
213
215
197
195
213
212
194
195
215
211
192
199
216
206
190
203
217
204
191
207
219
201
192
209
216
197
195
213
216
195
197
215
214
194
199
217
211
193
200
219
207
192
207
220
205
194
209
219
200
194
210
217
199
195
212
215
196
197
215
214
195
199
217
210
193
203
220
207
192
207
218
202
193
210
218
200
195
214
218
199
198
217
214
197
200
218
212
194
202
219
209
193
203
219
205
192
206
219
202
194
210
218
198
195
214
215
196
199
216
213
195
201
218
210
193
204
219
206
194
207
219
204
195
209
218
202
195
212
218
198
195
216
215
196
199
217
214
196
202
219
211
195
204
220
207
193
208
219
206
196
212
218
203
196
214
217
198
197
217
215
194
199
218
211
192
204
219
207
191
205
220
203
192
208
217
201
192
209
216
197
193
211
216
196
196
214
214
194
200
217
211
194
203
218
209
195
208
222
207
195
211
220
202
197
214
217
198
200
217
215
196
202
219
213
195
204
220
210
192
206
219
206
193
209
218
203
194
209
219
201
194
212
217
198
196
214
214
196
199
217
212
195
202
219
209
192
206
220
204
195
211
220
201
196
214
217
198
197
216
216
197
199
