384
383
383
383
383
382
383
383
383
383
382
382
379
379
378
377
379
377
378
378
376
375
377
376
373
374
374
373
371
373
372
370
369
370
369
368
368
368
368
365
365
366
366
363
364
363
364
362
362
362
363
361
358
361
362
359
358
358
359
355
355
357
356
355
355
355
354
353
354
353
351
349
352
351
349
349
351
349
346
347
348
347
345
344
345
346
344
344
343
344
342
343
342
341
340
340
341
340
338
340
340
337
336
338
336
335
337
336
335
332
335
334
333
331
333
332
330
330
331
330
329
328
328
330
327
326
328
327
326
325
325
326
324
322
324
324
322
322
323
324
321
320
322
322
319
321
321
320
320
320
317
317
319
319
317
314
315
317
316
314
314
315
316
314
313
313
315
314
311
312
311
309
311
312
312
308
309
309
307
307
310
309
306
306
309
307
304
305
306
304
303
304
304
302
302
302
302
303
302
301
301
299
300
300
298
299
298
298
299
297
296
298
299
294
294
296
297
294
295
295
293
294
294
293
291
294
294
291
290
291
293
291
291
291
292
289
290
287
291
290
289
286
291
290
287
286
290
288
287
288
288
286
286
288
285
286
284
286
285
283
284
285
284
284
285
285
283
283
284
282
282
283
281
281
283
282
280
280
281
282
281
280
280
279
279
278
279
277
279
279
279
275
278
278
275
274
279
279
276
275
277
274
274
275
276
273
276
275
274
273
275
274
272
271
273
275
272
272
272
272
274
271
270
271
272
271
270
270
271
270
268
270
270
270
267
271
269
268
268
270
266
267
270
269
266
267
270
268
266
267
269
267
266
267
269
265
268
268
267
266
267
266
265
266
267
265
267
264
263
267
266
262
262
265
263
262
263
264
261
261
263
262
262
260
261
261
259
262
261
261
262
261
259
262
260
258
259
262
258
258
260
261
257
260
262
258
258
258
260
257
257
258
260
256
259
258
257
257
259
256
257
257
256
256
257
257
258
256
256
255
254
255
257
253
255
256
256
253
255
256
256
252
255
255
252
252
256
255
251
253
255
252
253
252
251
254
251
252
251
255
252
250
253
253
250
251
252
252
249
252
253
249
253
252
251
250
252
252
252
247
251
254
250
250
251
248
249
250
247
250
251
249
246
249
249
248
249
250
250
246
248
251
248
248
250
251
246
249
249
247
247
248
248
246
247
249
245
248
248
248
245
247
243
246
248
247
245
245
248
246
244
246
248
243
243
246
245
243
245
246
246
244
245
247
244
243
246
246
245
244
246
246
243
246
247
244
246
246
244
244
244
245
243
245
244
245
245
246
243
244
246
246
243
243
244
246
243
242
245
245
241
243
244
242
240
246
242
241
244
244
241
240
242
244
240
243
243
240
240
242
241
241
242
242
240
240
242
242
241
240
241
239
241
243
243
239
244
243
240
239
242
242
240
241
244
241
241
241
240
241
240
239
239
241
240
240
241
240
238
240
240
237
238
241
241
238
239
242
238
239
241
240
238
237
239
242
237
238
238
242
236
236
241
239
239
239
240
239
235
239
238
237
239
239
238
236
240
239
237
236
238
238
237
234
237
238
237
238
239
237
238
237
236
239
239
238
234
235
238
234
234
239
238
235
236
239
237
236
237
238
235
235
238
239
234
237
237
235
236
236
234
234
235
236
235
234
235
236
233
236
235
233
235
234
233
234
237
234
233
233
235
233
232
235
237
231
232
236
234
231
234
235
233
234
234
235
233
231
235
235
231
231
235
235
233
235
235
234
236
235
234
233
235
236
232
232
234
233
235
237
234
232
237
235
231
232
235
236
231
234
235
235
232
236
237
233
232
235
234
232
235
235
232
230
235
235
231
233
235
233
233
233
231
233
234
232
231
233
233
233
233
233
233
230
231
234
232
230
233
234
230
233
235
232
229
233
232
231
233
233
230
235
233
231
229
232
233
231
231
233
231
232
232
231
232
233
234
230
231
235
235
230
230
235
235
230
231
234
234
231
232
233
231
230
235
234
230
230
234
231
231
233
233
230
231
233
234
232
229
232
233
231
231
232
231
235
231
232
232
233
231
232
232
232
233
232
231
232
232
230
236
232
230
231
235
230
230
232
234
230
232
234
230
231
233
229
229
233
233
229
232
233
231
230
232
231
231
230
232
231
231
232
232
231
232
230
231
231
231
233
232
231
232
234
232
232
233
233
232
233
235
233
230
236
233
231
231
234
233
231
232
234
233
229
234
235
232
231
235
233
231
233
235
233
233
234
233
233
232
230
231
234
232
231
231
233
233
229
230
234
233
229
231
230
232
229
232
230
232
229
231
232
231
231
232
231
228
234
232
230
230
234
234
230
230
235
233
230
233
235
229
229
233
230
229
231
233
232
229
231
232
231
233
232
230
229
231
228
230
232
231
229
231
231
229
229
232
229
229
231
232
230
229
234
233
229
231
234
232
229
230
234
231
231
231
230
231
231
228
229
232
232
229
231
232
229
234
234
229
229
232
233
229
230
233
232
230
229
234
233
228
231
233
230
228
231
229
228
230
232
231
232
231
228
230
231
230
230
231
231
228
230
232
231
227
231
231
230
228
229
230
231
228
229
230
231
228
231
231
227
232
233
226
227
232
231
227
228
231
231
227
230
232
230
226
230
227
230
228
230
229
227
230
230
228
231
230
230
228
230
229
228
232
229
227
228
231
230
228
231
231
228
228
229
232
228
228
231
232
227
231
232
227
228
230
230
227
229
231
225
230
229
229
230
230
226
228
230
231
228
228
230
230
229
227
230
230
229
228
231
227
228
230
228
227
232
230
227
227
232
232
226
226
231
229
227
230
231
227
229
229
227
229
228
229
227
228
228
229
227
229
229
228
230
227
227
226
230
229
227
227
229
226
226
229
230
225
227
230
226
226
229
229
227
225
229
231
226
229
229
228
228
229
231
227
227
228
229
229
228
228
227
229
227
227
225
228
228
228
227
228
229
228
228
228
227
229
230
228
226
229
230
226
226
229
230
226
230
231
227
227
228
228
228
228
230
227
231
228
226
228
231
227
227
230
230
226
228
229
229
228
230
229
228
227
230
228
227
231
230
227
226
231
229
226
226
229
227
228
228
230
229
227
228
228
233
230
226
228
231
229
226
228
229
231
228
230
229
227
229
230
228
228
231
232
228
227
231
232
228
227
232
230
227
227
231
228
226
228
232
228
229
230
229
229
230
229
228
228
229
227
229
230
228
228
231
227
225
228
231
228
226
227
230
228
226
230
229
227
231
230
225
227
230
231
225
226
229
232
226
229
230
230
226
228
228
227
229
228
227
230
229
227
227
228
229
226
228
229
227
228
231
228
225
230
232
227
227
232
231
228
227
232
230
226
231
231
230
231
229
230
228
231
230
231
230
231
231
231
232
231
229
231
231
228
230
232
231
229
232
231
229
229
232
229
229
230
232
228
229
231
228
228
229
230
228
231
231
230
232
231
229
229
233
230
228
229
233
229
228
230
232
227
232
231
230
227
231
231
227
228
230
232
227
231
229
227
230
231
231
230
230
230
228
