
220
221
221
220
220
221
222
221
220
222
220
218
215
219
221
218
218
221
221
216
217
221
218
216
219
220
218
218
219
220
217
219
218
219
220
218
218
220
220
217
217
220
218
216
218
219
217
218
217
219
218
217
221
219
215
217
220
217
215
220
220
218
218
222
221
218
220
220
219
217
218
219
217
219
218
217
219
219
219
219
219
219
221
217
217
220
219
217
219
219
218
221
218
218
216
220
218
216
218
220
219
217
220
220
215
221
222
216
216
219
222
217
215
219
221
216
219
221
219
216
219
218
217
220
220
219
217
220
221
218
220
220
218
218
219
217
220
220
219
217
222
221
217
217
220
218
217
219
221
218
217
218
218
216
215
219
217
218
220
220
217
218
220
218
221
220
216
220
219
220
216
219
221
219
219
220
220
219
219
220
219
216
222
221
218
217
220
223
218
218
221
220
215
219
219
219
219
218
218
217
220
219
219
219
220
220
218
217
218
218
219
220
220
220
222
219
217
220
222
218
217
221
221
217
221
221
216
218
219
223
217
216
220
221
218
217
220
221
217
219
220
218
218
219
218
217
220
220
217
220
219
218
219
219
215
218
220
219
216
222
220
216
217
222
221
217
216
220
221
216
220
220
220
220
220
220
219
222
222
217
219
220
221
221
218
221
222
218
221
220
220
219
220
219
219
221
219
218
219
221
220
218
219
221
219
219
221
220
217
221
222
219
218
222
222
219
221
220
221
218
217
222
221
219
218
223
221
219
221
221
217
221
221
219
216
219
222
218
218
220
221
218
220
219
219
219
220
216
218
220
220
217
218
221
219
218
219
218
216
216
222
216
217
220
222
216
217
220
220
218
216
221
220
216
218
221
217
217
221
222
215
218
219
219
218
220
218
218
219
220
218
220
219
217
219
220
217
217
221
219
219
220
222
219
216
221
218
217
219
221
217
216
219
221
217
219
219
217
217
217
217
219
219
218
217
217
220
218
216
218
219
218
217
217
220
217
217
217
220
218
218
218
218
217
222
219
217
218
220
219
217
219
