Y469
467
468
467
466
466
466
464
464
463
463
463
463
463
464
463
463
462
460
460
461
459
457
457
457
456
454
454
454
454
452
451
452
450
448
448
448
448
446
445
444
444
442
443
442
440
440
440
439
437
437
437
436
435
435
434
434
432
431
432
431
429
428
427
428
426
427
425
424
423
424
423
421
420
422
421
418
418
419
417
416
415
416
415
414
413
413
412
411
410
410
410
409
408
408
407
406
405
405
404
403
403
403
401
400
401
400
399
398
398
397
396
395
397
395
393
393
394
391
391
391
390
389
389
388
389
387
387
387
387
384
384
384
384
383
382
382
381
379
380
380
380
378
377
378
378
375
376
376
375
373
375
373
372
372
373
372
370
370
371
369
368
368
369
368
366
366
365
365
364
364
363
364
361
362
361
360
360
360
360
358
357
358
358
357
356
357
356
354
353
355
354
353
352
353
351
350
350
351
349
349
349
348
346
346
347
347
344
344
345
345
343
343
343
343
340
341
342
340
340
339
339
339
338
338
337
337
335
336
336
336
334
335
336
333
334
334
334
331
332
332
332
329
330
330
331
328
329
329
328
328
327
327
326
326
327
325
324
324
326
325
323
322
324
322
322
321
321
320
321
318
319
320
319
318
317
317
317
316
317
315
315
315
315
314
312
314
314
312
312
314
312
311
310
313
311
310
310
311
309
309
309
310
308
309
308
308
307
306
306
307
305
305
305
306
304
304
304
304
302
303
303
303
301
302
302
301
300
301
300
300
300
300
300
299
298
300
298
297
296
298
297
297
296
297
297
296
295
295
297
294
294
294
294
293
293
294
292
291
292
292
291
290
292
291
289
290
291
290
288
289
289
288
288
287
289
288
287
287
287
286
286
286
287
286
286
285
286
284
285
284
286
283
283
283
285
283
282
283
284
282
281
281
282
281
280
280
279
280
281
280
279
279
280
279
278
279
279
279
277
276
278
278
276
277
279
278
275
276
278
277
274
276
277
275
274
275
277
275
274
275
275
274
272
274
274
274
272
274
272
272
271
275
271
271
271
272
271
272
271
271
270
271
269
270
270
271
270
270
269
269
270
271
268
268
269
270
268
267
268
268
267
266
268
268
266
267
268
266
266
268
267
265
264
266
266
265
265
266
265
263
265
265
264
264
265
264
263
264
263
263
263
263
264
263
263
262
264
262
262
262
263
263
262
260
261
263
261
259
260
261
260
258
261
260
259
260
262
260
259
259
259
258
260
260
259
259
260
259
259
258
259
259
260
258
257
260
259
257
257
259
258
256
258
258
257
257
257
258
258
257
257
257
256
257
256
257
257
255
257
257
256
256
256
258
256
256
257
257
255
258
257
256
256
257
256
256
256
258
256
256
256
258
256
256
256
258
257
256
255
258
256
255
255
257
256
254
254
256
255
255
256
256
255
255
256
255
253
254
256
254
253
255
256
254
255
255
254
256
255
253
256
256
256
254
255
254
254
254
254
254
254
253
254
253
253
254
253
252
252
252
255
252
252
254
254
251
253
253
254
252
252
254
253
252
254
253
252
252
253
253
252
252
254
253
251
253
254
252
251
253
252
253
252
251
253
252
253
251
252
251
252
252
253
252
251
253
254
252
251
253
253
250
251
252
252
251
250
252
253
250
250
252
251
250
250
251
249
249
252
251
249
250
251
251
248
250
250
250
249
250
249
251
249
248
249
251
249
248
248
250
249
248
249
249
250
248
249
250
248
249
249
248
248
249
250
248
248
249
248
249
249
249
248
249
249
248
247
248
250
248
248
249
249
249
249
248
248
249
248
246
248
249
248
245
249
248
248
246
249
249
247
247
250
248
247
248
250
247
247
249
247
247
248
247
247
246
247
246
246
246
247
246
246
245
246
246
247
246
247
248
248
246
247
248
247
245
247
248
246
245
248
245
246
246
247
247
245
246
246
246
245
246
246
246
246
246
244
246
247
245
246
245
246
246
246
246
243
246
246
245
245
246
246
246
245
248
247
245
246
248
246
247
244
246
246
246
245
246
246
245
247
248
245
246
246
246
244
245
246
245
244
245
246
245
244
245
246
245
246
246
244
243
245
245
245
244
243
245
244
244
245
244
245
244
243
245
244
244
242
244
245
243
243
245
246
242
244
243
245
243
244
245
245
243
244
245
244
243
245
242
243
244
244
242
243
244
244
243
243
244
243
243
243
243
242
242
244
243
244
243
242
244
243
243
241
243
243
241
242
243
245
242
243
242
243
241
242
243
243
243
242
241
242
242
242
242
241
241
242
242
240
240
241
243
240
241
241
242
240
241
243
242
239
240
242
241
239
241
242
241
239
242
241
240
240
241
241
240
240
242
241
239
240
242
239
241
240
241
240
240
240
240
241
240
241
240
240
240
240
239
240
239
241
241
239
239
240
241
239
239
241
241
239
239
241
240
239
239
240
239
240
241
241
239
240
240
239
239
240
241
239
240
240
240
240
239
240
240
241
239
239
240
240
239
240
239
240
240
241
240
240
239
241
240
239
238
241
241
238
238
241
242
239
238
241
241
240
240
241
240
241
240
240
241
240
241
240
239
240
242
240
239
241
241
241
240
241
242
240
240
241
242
240
240
240
240
240
240
240
241
240
240
239
241
240
240
240
242
239
239
241
242
240
240
242
240
239
239
241
240
238
240
240
239
239
241
240
239
240
241
239
239
241
240
241
240
241
241
242
241
239
241
241
240
239
239
241
241
240
240
240
240
240
241
241
240
240
242
240
240
242
241
239
240
242
241
241
241
242
240
241
241
241
239
241
241
241
240
241
241
242
241
242
240
241
240
241
240
241
240
240
240
241
240
240
240
242
240
240
242
242
240
241
241
241
240
241
241
241
241
242
240
241
241
241
241
239
240
241
242
239
240
240
241
241
241
240
241
240
241
242
241
238
241
241
240
239
242
242
240
239
242
241
239
240
243
241
241
240
240
241
241
240
240
240
241
241
240
239
241
241
240
239
241
241
239
240
239
240
241
239
240
241
241
240
239
242
241
240
240
242
241
238
241
242
240
239
241
242
239
240
240
241
238
240
242
240
239
241
242
241
240
241
240
240
242
240
240
241
241
241
241
241
239
241
242
240
239
241
241
240
240
243
241
241
241
241
241
240
240
241
240
240
240
241
240
241
241
241
241
240
241
241
241
239
242
243
239
239
241
240
240
241
242
240
240
240
242
240
241
241
240
240
240
239
240
239
239
241
240
240
240
240
241
240
241
241
242
240
240
241
241
241
241
242
243
240
242
243
243
241
242
243
242
241
244
242
241
241
243
240
242
242
243
241
241
242
243
241
241
242
242
240
242
241
242
242
241
240
241
241
241
241
242
241
241
242
241
240
240
240
242
242
240
241
241
240
241
241
240
241
241
241
240
240
240
241
239
241
241
240
239
241
241
240
239
239
240
240
238
240
242
240
240
240
241
240
239
240
240
240
240
241
241
241
240
240
241
240
239
240
240
239
239
240
240
239
239
241
241
239
239
240
238
240
241
240
240
240
241
240
241
240
242
239
239
239
242
240
240
240
241
241
240
241
240
242
241
240
240
239
241
239
241
239
240
240
242
240
241
241
242
239
239
240
241
239
239
240
241
237
240
241
239
239
241
239
240
239
242
241
240
239
242
240
239
240
240
240
240
240
240
242
240
240
240
240
240
239
240
241
241
240
239
240
240
240
240
239
238
241
240
239
238
241
240
238
238
240
240
239
239
241
238
238
239
239
238
240
240
240
239
240
240
240
239
239
240
240
239
240
240
241
240
240
239
240
239
239
240
241
240
239
239
241
240
239
240
239
239
239
240
239
240
241
241
239
238
240
240
238
238
241
240
237
238
240
239
238
239
239
239
238
240
238
239
238
240
239
239
239
239
239
239
238
238
238
239
238
239
238
239
238
239
238
237
239
239
239
238
239
238
237
238
239
240
237
237
239
239
236
237
239
240
236
237
238
239
238
238
239
238
238
238
239
239
238
238
239
239
238
239
240
238
239
240
240
237
239
240
240
237
239
239
239
240
239
240
238
239
239
238
239
238
239
238
238
238
238
239
239
238
239
239
239
237
238
239
239
237
238
239
239
238
239
239
238
238
240
238
238
238
239
236
238
240
238
236
237
240
239
236
237
240
239
237
238
240
238
238
239
240
238
239
238
238
238
238
238
239
237
239
238
239
239
239
238
240
238
238
238
240
237
238
239
240
238
241
240
238
238
240
240
238
237
241
240
238
238
241
239
240
240
241
239
239
239
239
240
238
239
240
238
238
239
241
239
237
239
240
239
237
239
239
238
239
239
237
238
239
240
238
238
239
238
238
239
237
238
239
237
238
239
237
238
239
238
237
238
239
239
236
238
238
238
237
237
239
239
237
238
237
238
238
239
237
239
238
238
238
239
237
238
238
237
238
