
149
150
149
149
150
151
149
150
151
148
149
142
127
127
139
132
135
135
152
140
128
141
151
150
138
145
155
159
145
158
156
145
150
159
150
152
159
159
150
151
164
158
151
152
159
160
149
154
162
150
152
165
164
151
164
163
153
154
161
165
155
153
166
166
156
165
165
155
159
165
158
156
165
164
155
155
164
165
160
156
164
167
159
164
164
156
155
165
160
158
167
166
156
160
165
167
155
155
172
167
158
157
167
162
160
168
166
156
171
165
154
151
165
170
146
155
167
167
159
165
168
158
165
167
156
157
164
145
127
135
156
156
142
137
158
159
149
157
151
145
135
152
148
152
160
157
146
147
152
158
136
139
156
154
143
143
157
140
146
157
159
144
155
154
138
142
156
156
144
142
154
156
118
153
156
144
156
156
147
144
155
143
140
135
149
158
143
148
147
132
142
157
139
144
160
153
131
135
144
144
127
140
145
146
147
141
144
152
157
172
166
154
165
168
159
159
170
170
157
159
170
169
159
159
175
171
158
170
171
159
171
170
161
163
171
172
160
159
169
173
160
158
169
171
160
159
167
169
160
160
169
158
151
159
167
154
165
143
127
136
163
162
155
160
166
150
157
163
150
151
159
160
152
149
143
150
136
154
166
165
152
164
165
153
165
164
156
153
162
162
152
150
163
163
141
152
161
152
151
159
148
152
163
169
163
166
156
155
165
165
178
172
166
165
177
170
168
174
172
164
181
176
163
167
176
179
163
167
173
173
167
164
172
171
161
175
174
161
174
173
161
156
164
168
159
148
164
170
159
167
166
156
158
172
164
159
171
172
160
163
171
168
162
167
178
171
169
178
166
165
175
171
164
163
174
172
164
169
179
170
170
178
178
171
179
180
169
175
178
180
172
170
179
182
173
173
180
183
174
181
181
176
183
179
171
172
184
178
175
180
178
176
183
182
171
173
187
180
172
173
180
189
171
171
181
181
175
182
182
173
174
187
175
173
182
182
175
176
180
182
174
175
181
174
172
176
179
167
175
176
171
183
177
176
168
171
175
176
167
168
172
171
163
173
175
170
178
176
169
168
176
179
170
172
181
179
168
179
172
160
169
180
178
170
168
181
181
168
176
179
174
179
176
169
173
177
178
171
174
180
179
172
176
179
182
174
180
184
174
172
178
171
178
178
179
171
175
186
182
172
175
179
176
174
183
182
172
186
183
173
171
181
185
175
174
182
173
175
179
182
175
181
183
175
172
178
179
175
173
178
180
174
173
179
179
173
181
180
173
173
185
173
172
181
179
175
176
185
182
172
184
186
178
176
186
176
175
183
185
177
178
182
173
167
167
180
176
166
165
177
168
168
178
178
172
177
178
170
170
175
178
170
170
178
178
171
177
181
176
183
179
173
174
184
178
173
172
181
182
169
181
178
164
164
152
160
163
176
183
165
163
173
173
169
173
173
161
157
178
164
162
173
174
167
163
168
175
167
167
176
177
165
165
175
169
169
180
180
173
181
179
171
167
175
173
167
170
176
176
164
168
176
177
167
174
177
164
168
176
169
167
178
180
178
179
182
171
172
178
179
169
167
178
170
170
178
173
167
165
172
180
170
171
180
170
168
178
180
171
178
177
169
171
180
176
170
166
177
165
172
181
181
169
180
188
172
172
183
183
177
174
183
182
174
186
182
173
185
184
180
175
183
184
175
175
183
183
175
174
183
183
173
183
180
175
175
182
170
172
183
182
170
174
181
179
170
172
181
169
170
181
180
171
179
180
173
175
182
180
172
171
181
172
171
179
181
174
181
179
171
170
180
180
173
174
178
178
173
173
181
179
170
180
180
172
171
185
171
172
180
177
169
180
181
170
171
181
171
169
179
184
172
179
178
172
176
181
171
176
182
184
175
182
183
172
180
183
175
172
186
190
173
174
182
183
175
187
184
174
168
187
173
170
178
181
171
172
180
183
175
171
179
179
174
168
178
171
174
180
180
176
181
179
171
172
182
172
174
182
179
171
181
182
174
173
184
172
171
179
183
172
179
179
172
174
179
171
176
185
182
174
172
181
178
176
181
181
173
174
181
171
172
182
184
172
174
182
182
174
173
183
176
171
183
182
173
184
183
173
189
184
180
174
183
182
173
182
184
180
173
171
184
179
175
182
176
178
174
181
171
174
187
181
173
184
183
175
170
183
173
174
183
184
177
176
184
185
176
173
184
183
178
175
184
180
175
171
181
178
171
170
180
179
169
